1	1
1	2
2	3
3	4
3	5
3	6
4	2
4	7
5	2
5	8
5	9
6	10
6	11
6	12
7	13
7	14
8	15
8	16
8	17
8	18
9	19
9	20
10	2
10	8
11	2
12	7
12	21
12	22
12	23
12	24
13	19
13	25
14	2
14	14
14	26
14	27
14	28
15	2
15	29
16	30
16	31
16	32
16	33
17	4
17	6
17	34
17	35
17	36
18	2
18	8
18	37
19	14
20	31
20	38
21	2
21	39
22	40
22	41
23	2
23	8
23	9
23	42
23	43
24	22
24	28
24	44
25	5
25	22
25	45
25	46
26	2
26	28
26	47
27	48
28	2
28	8
28	49
29	50
29	51
29	52
30	6
30	53
31	38
31	45
32	14
32	30
32	54
33	19
33	55
33	56
34	1
34	2
34	8
35	2
35	57
36	58
37	47
37	59
38	6
38	60
38	61
38	62
39	2
39	63
40	2
40	64
41	2
41	37
42	2
42	28
42	65
42	66
42	67
43	2
43	68
43	69
44	8
44	70
44	71
44	72
45	7
45	23
45	71
46	8
46	28
46	72
46	73
47	74
48	23
48	28
49	2
49	75
49	76
49	77
50	2
50	26
51	30
52	2
52	38
53	2
53	8
53	78
54	2
54	8
54	69
55	2
55	8
55	79
56	2
56	80
57	8
58	81
59	2
59	28
59	82
60	77
60	83
61	38
62	27
62	47
62	59
62	72
63	22
63	47
63	84
64	5
64	14
64	22
64	85
64	86
65	14
65	40
65	47
66	14
66	30
66	54
66	87
66	88
67	57
68	13
68	30
69	34
70	2
70	28
71	28
71	30
72	2
72	48
73	14
73	57
73	89
73	90
73	91
74	17
74	30
75	2
75	30
75	41
76	55
76	56
77	13
77	55
77	56
78	56
79	55
79	56
79	92
80	2
80	93
81	2
81	30
82	6
82	94
83	2
83	95
84	14
84	86
85	6
85	53
85	65
86	30
86	96
86	97
87	30
87	33
87	40
88	13
89	61
90	60
90	98
91	19
91	98
92	34
92	99
93	2
93	35
93	100
94	98
94	101
95	30
95	96
95	102
96	30
96	33
97	40
97	103
98	101
99	47
99	65
100	14
100	104
101	105
102	38
102	48
102	57
103	7
103	11
103	12
103	35
104	106
104	107
105	2
105	108
106	2
106	8
106	26
107	2
107	28
107	34
108	24
108	109
109	23
109	72
109	110
110	111
111	30
111	105
112	8
112	61
112	112
113	19
113	113
114	47
114	107
114	114
115	43
115	48
115	86
116	14
116	57
116	89
116	90
117	23
117	72
118	5
118	6
118	22
118	24
118	28
119	8
119	14
120	22
120	69
121	5
121	7
121	69
121	115
122	61
122	116
123	13
123	47
123	117
123	118
124	13
124	33
125	2
125	80
125	119
125	120
126	30
126	94
127	38
127	103
127	121
127	122
128	9
128	14
128	111
129	5
129	14
129	47
130	2
130	31
130	38
130	74
131	46
132	38
132	58
133	14
133	123
134	7
134	11
134	22
134	46
134	69
135	47
135	124
136	2
136	8
136	40
136	78
137	6
138	30
138	101
139	2
139	8
139	63
139	125
140	2
140	126
141	2
141	8
141	127
141	128
142	5
142	6
142	129
143	30
143	40
143	72
144	7
144	22
144	35
144	84
145	64
145	65
146	19
146	94
147	57
147	89
147	90
147	125
148	2
148	80
148	111
148	119
149	14
149	86
149	103
150	3
150	14
150	121
151	22
151	28
151	35
151	130
152	8
152	11
152	14
153	25
153	55
153	56
154	2
154	28
154	131
154	132
155	58
155	107
156	13
156	15
156	47
157	38
157	69
157	105
157	133
158	2
158	28
158	30
158	58
158	134
159	58
159	93
159	134
160	47
160	57
161	2
161	8
161	22
161	77
162	8
162	22
162	28
162	30
162	77
163	30
163	78
163	107
164	19
165	6
165	43
165	54
165	107
165	113
166	9
166	38
166	46
166	69
167	2
167	8
167	63
168	98
169	13
169	47
169	123
170	55
170	125
170	135
171	2
171	128
172	12
172	48
173	12
173	30
173	48
174	40
174	48
175	47
176	2
176	26
176	28
177	2
177	136
178	2
178	72
178	125
178	137
178	138
179	2
179	28
179	30
180	4
180	22
180	69
180	133
180	139
181	2
181	119
182	2
182	140
183	8
183	22
183	23
183	72
183	110
184	6
184	36
184	69
185	6
185	31
185	141
186	142
187	8
187	30
187	33
187	40
187	72
188	14
188	30
188	33
188	113
189	48
189	98
190	8
190	98
191	6
191	61
191	107
192	14
192	40
192	105
193	22
193	47
194	24
194	103
195	69
195	77
195	143
196	38
196	57
196	105
196	144
196	145
197	2
197	132
198	30
198	33
198	54
198	107
198	146
199	22
199	28
199	38
200	30
200	47
201	38
201	58
201	93
201	147
201	148
202	44
203	47
203	149
204	2
204	30
204	33
205	56
205	150
206	30
206	151
207	8
207	14
207	27
207	47
208	40
208	109
209	30
209	65
209	66
209	67
210	38
210	47
211	15
211	62
212	2
212	152
212	153
213	56
213	154
214	8
214	14
214	44
215	13
215	56
216	116
216	155
217	9
217	30
217	78
217	146
218	33
218	98
219	30
219	33
219	40
219	54
219	87
220	98
220	142
221	22
221	34
221	147
221	156
222	13
222	30
222	47
223	47
223	56
224	20
225	109
225	133
226	13
226	22
227	38
227	134
227	157
228	56
228	98
228	158
229	47
229	58
229	87
229	90
229	159
230	8
230	14
230	151
231	5
231	38
231	160
232	40
232	47
233	38
233	56
234	2
234	28
234	30
234	137
234	138
235	78
235	81
235	126
236	2
236	8
236	39
237	14
237	22
237	23
237	161
238	14
238	47
239	18
239	53
240	14
240	22
240	87
240	139
241	20
241	93
241	105
242	2
242	25
242	28
242	48
242	162
243	8
243	19
243	78
243	111
244	6
244	31
244	163
245	31
246	14
246	19
246	164
247	13
247	14
247	47
247	146
247	165
248	55
248	57
249	25
249	38
249	93
249	166
249	167
250	50
251	30
251	40
252	78
253	2
253	28
253	30
253	54
254	2
254	86
254	108
255	25
255	93
256	2
256	8
256	40
257	2
257	168
258	6
258	55
259	14
259	40
259	111
260	2
260	14
261	14
261	30
261	33
261	88
261	169
262	30
262	78
262	146
263	2
263	152
264	46
264	91
264	139
265	18
265	142
266	56
266	170
267	38
267	55
267	56
267	125
267	167
268	86
268	145
269	12
270	105
270	145
271	8
271	30
271	65
271	67
271	86
272	30
272	171
273	31
273	47
273	172
274	2
274	22
274	28
274	29
275	5
275	14
275	22
275	173
276	2
276	29
276	75
276	143
276	174
277	7
278	13
278	14
278	27
278	47
278	48
279	24
279	25
280	8
280	30
280	40
280	103
281	5
282	20
282	30
283	113
284	2
284	34
284	99
284	175
285	132
285	137
286	133
287	17
287	142
288	2
288	131
289	38
289	142
290	25
290	30
291	2
291	72
291	120
291	131
292	107
293	30
293	88
293	146
293	155
294	2
294	30
294	140
295	2
295	30
295	80
295	176
296	2
296	138
297	26
298	2
298	63
298	176
299	2
299	28
299	151
300	1
300	2
300	30
300	177
301	13
301	170
302	86
303	69
303	77
304	17
305	2
305	26
305	28
305	138
306	1
306	178
307	2
307	179
308	2
308	138
308	180
309	14
309	27
309	47
310	6
310	30
311	66
312	13
312	30
312	181
313	47
313	56
313	98
314	28
315	18
315	34
316	31
316	32
316	98
317	2
317	6
318	2
318	80
318	176
318	182
319	30
319	40
319	183
320	2
320	68
320	144
321	14
321	184
322	2
322	120
323	55
323	56
323	62
323	98
324	24
324	147
324	156
325	2
325	30
325	37
326	2
326	133
327	30
327	44
328	69
329	2
329	26
329	185
330	2
330	30
330	178
331	2
331	30
331	186
332	30
332	40
332	121
333	1
333	9
334	121
335	2
335	120
335	131
336	2
336	8
336	14
336	30
336	168
337	2
337	14
337	30
337	40
338	47
338	59
338	72
338	87
338	187
339	25
339	30
339	85
339	159
339	188
340	2
340	14
340	168
341	31
341	189
341	190
342	8
342	28
342	31
343	30
343	38
344	2
344	47
344	79
345	6
345	191
346	2
346	13
347	14
347	192
348	1
348	2
348	26
348	120
348	177
349	47
349	114
350	40
351	30
351	72
351	138
352	8
352	69
352	77
353	8
353	9
353	14
353	40
353	44
354	8
354	28
354	40
355	47
355	123
356	31
356	47
357	13
357	56
357	150
358	40
358	72
359	13
359	17
360	193
361	6
361	36
361	53
361	163
362	29
362	30
362	111
362	134
363	2
363	49
364	30
364	33
364	112
365	2
365	8
365	28
365	44
366	2
366	8
366	28
366	63
366	72
367	11
367	12
367	27
368	2
368	22
368	28
368	44
368	170
369	6
369	31
370	5
370	6
370	62
371	2
371	28
371	105
371	194
372	6
372	107
373	14
373	47
373	121
374	1
374	2
374	128
375	6
375	12
375	30
376	12
376	38
376	133
377	2
377	95
377	98
377	195
378	48
378	170
378	196
379	2
379	8
379	14
379	127
379	128
380	2
380	29
380	131
381	14
381	22
381	173
382	14
382	22
382	24
382	115
383	6
383	129
384	2
384	8
384	28
384	73
385	14
385	19
385	47
386	56
386	62
386	154
387	14
387	132
388	8
388	14
388	132
389	2
389	14
389	31
389	32
390	8
390	14
390	40
391	13
391	14
391	47
392	31
392	47
392	189
393	2
393	180
394	30
394	54
394	78
394	146
395	1
395	2
395	14
395	29
396	2
396	14
396	68
397	13
397	14
397	28
397	59
398	2
398	151
399	2
399	8
399	77
399	128
399	179
400	5
400	107
401	2
401	153
402	6
402	34
403	48
403	55
403	57
404	13
404	47
404	197
405	6
405	19
405	98
406	4
406	6
406	36
406	43
407	2
407	8
407	28
407	128
408	155
409	88
409	142
410	5
410	6
410	38
410	55
410	198
411	94
412	6
412	61
413	15
413	47
414	2
414	31
415	6
415	46
415	199
416	30
416	40
416	56
417	19
417	20
417	66
418	69
418	70
418	77
419	38
419	121
420	71
421	2
421	127
421	132
422	4
422	6
422	24
422	69
422	129
423	1
423	2
423	14
423	28
424	56
424	98
424	151
425	13
425	16
425	47
425	200
426	2
426	201
427	14
427	121
428	2
428	5
429	20
429	114
430	107
430	142
431	47
431	51
431	121
432	38
432	58
432	147
432	148
433	2
433	57
433	202
433	203
434	6
434	45
435	15
435	17
435	204
436	6
436	31
436	53
437	4
437	6
437	9
437	38
438	78
438	105
439	14
439	40
440	2
440	128
440	132
441	14
441	31
442	107
442	113
443	2
443	8
443	14
443	30
443	128
444	2
444	13
444	30
445	47
445	98
445	205
446	2
446	8
446	40
446	74
447	2
447	72
447	138
447	206
447	207
448	2
448	8
448	22
448	28
449	6
449	53
449	61
450	50
450	121
451	8
451	25
451	33
451	151
451	208
452	8
452	30
452	133
453	126
454	32
455	15
455	17
456	30
456	112
457	209
457	210
458	9
458	28
458	121
459	9
459	121
459	209
460	14
460	57
460	90
460	167
461	14
461	27
461	56
461	154
461	211
462	2
462	81
463	2
463	170
464	19
464	24
464	107
464	114
465	2
465	28
465	57
465	90
465	167
466	118
467	22
468	2
468	26
468	40
469	8
469	69
470	13
470	17
470	47
471	14
471	30
472	25
472	212
473	13
473	193
474	6
474	98
475	6
475	98
475	213
476	41
476	81
476	86
476	147
476	214
477	66
477	170
477	181
478	13
478	14
478	30
479	38
479	98
479	209
480	2
480	137
481	14
481	47
481	66
482	7
482	22
482	115
483	7
483	22
483	24
483	35
484	6
484	34
484	53
485	6
485	69
485	129
486	47
486	126
487	7
487	28
487	210
488	30
488	33
488	54
488	78
488	146
489	48
489	56
489	154
490	1
490	19
490	120
490	128
491	2
491	8
491	202
492	6
492	46
492	98
493	121
493	209
494	8
494	44
494	72
495	7
495	8
495	22
495	77
496	2
496	14
496	215
497	8
497	22
498	78
498	96
499	14
499	22
500	12
500	210
501	4
501	6
501	36
502	2
502	37
502	119
503	2
503	28
503	140
504	19
504	216
505	2
505	175
506	6
506	217
507	2
507	28
507	131
508	4
508	6
509	2
509	28
509	132
510	5
510	9
510	22
510	218
511	56
511	65
511	66
511	67
511	154
512	8
512	22
512	40
512	173
513	14
513	28
513	47
513	87
514	1
514	2
514	178
515	2
515	7
515	14
515	28
516	13
516	33
516	47
517	2
517	5
517	14
518	1
518	2
518	28
518	219
519	9
519	22
519	35
519	220
520	2
520	13
520	22
520	28
520	47
521	2
521	28
521	180
522	2
522	40
522	179
523	2
523	28
523	202
524	13
524	17
524	98
524	142
525	5
525	6
525	65
526	2
526	22
526	44
526	105
526	179
527	13
527	47
527	121
528	14
528	44
528	89
528	167
529	2
529	28
529	37
530	8
530	19
530	78
531	2
531	30
531	41
531	105
532	54
532	78
532	188
533	33
533	56
533	154
534	8
534	30
534	107
534	179
535	2
535	28
535	72
535	120
536	5
536	28
536	31
536	69
536	139
537	19
537	212
538	22
538	161
539	1
539	2
539	28
540	2
540	28
540	69
540	73
540	77
541	6
541	84
542	121
542	160
543	14
543	22
543	156
543	161
544	2
544	69
544	73
544	77
545	4
545	21
545	22
545	24
545	35
546	47
546	87
546	221
547	2
547	28
547	72
548	14
548	58
548	125
548	147
549	6
549	43
549	54
549	98
549	107
550	4
550	9
550	21
550	22
550	24
551	38
551	133
552	3
552	25
552	47
552	205
552	213
553	4
553	6
553	34
553	35
553	107
554	2
554	28
554	49
554	74
554	108
555	48
555	170
556	40
556	48
556	87
557	4
557	6
557	133
557	160
558	121
558	209
558	222
559	9
559	22
559	35
560	5
560	22
560	23
560	35
561	5
561	7
561	22
561	35
562	2
562	28
562	138
563	54
563	78
563	146
564	2
564	25
564	28
564	49
564	223
565	8
565	22
565	44
565	77
566	25
566	30
566	94
566	166
566	179
567	5
567	6
567	24
567	220
567	224
568	2
568	27
568	28
568	47
568	48
569	2
569	7
569	23
569	160
570	8
570	44
571	47
571	59
571	169
571	187
572	94
572	154
573	7
573	179
574	102
575	2
575	47
575	126
575	205
576	192
576	225
577	14
577	90
577	226
578	121
578	222
579	24
579	31
580	5
580	25
580	38
580	48
580	128
581	2
581	28
581	38
581	58
581	147
582	2
582	14
582	28
583	14
583	44
584	40
584	47
584	48
584	87
585	14
585	90
585	111
586	14
586	22
586	90
586	227
587	5
587	48
587	114
588	2
588	14
588	146
589	6
589	98
589	107
590	210
590	228
591	2
591	30
591	105
592	2
592	22
592	28
592	72
593	8
593	14
593	28
593	44
593	77
594	23
594	70
594	77
594	229
595	7
595	8
595	22
595	23
596	13
596	22
596	84
597	28
597	127
597	128
598	14
598	28
598	47
599	155
599	230
600	2
600	48
600	57
601	2
601	14
601	112
602	22
602	24
603	6
603	30
603	179
604	192
605	50
605	121
605	231
606	2
606	8
606	83
607	6
607	38
607	46
608	33
609	56
609	154
609	167
610	2
610	203
610	206
611	12
611	121
611	209
612	28
612	32
613	72
614	5
614	160
615	36
615	121
615	209
615	222
616	179
617	31
617	141
618	128
618	189
619	1
619	2
619	170
620	232
621	85
621	188
622	2
622	72
622	179
623	14
623	28
624	17
624	47
625	59
626	213
627	55
627	98
628	8
628	155
629	2
629	233
630	7
630	14
630	44
631	13
631	14
631	47
631	146
632	25
632	38
632	48
632	145
632	148
633	8
633	19
633	41
634	121
634	234
635	30
635	36
635	40
636	2
636	28
636	105
636	206
637	14
637	16
637	24
637	123
638	22
638	30
639	31
639	50
639	121
640	2
640	8
640	48
640	131
640	138
641	210
641	235
642	2
642	14
642	28
642	79
642	203
643	2
643	65
643	131
643	137
643	206
644	2
644	28
644	72
644	131
644	138
645	6
645	31
645	38
645	85
646	2
646	8
646	34
646	72
647	142
647	159
648	5
648	14
648	22
649	2
649	8
649	28
649	138
649	180
650	2
650	8
650	72
650	131
650	137
651	22
651	69
651	77
651	91
651	236
652	55
652	56
652	154
653	47
653	154
654	2
654	8
654	28
654	49
654	72
655	6
655	98
655	129
656	2
656	28
656	72
656	105
656	132
657	2
657	8
657	132
657	143
658	14
658	22
658	80
658	119
658	147
659	47
659	114
659	164
660	31
660	32
660	210
661	6
661	213
662	33
662	40
663	8
663	163
664	47
664	192
664	237
665	14
665	22
665	28
665	173
666	2
666	28
666	146
667	30
667	65
667	213
668	2
668	8
668	28
668	72
668	137
669	30
669	47
669	123
669	238
670	6
670	38
671	11
671	27
671	48
671	69
672	1
673	19
673	30
673	44
673	47
674	6
674	55
674	199
674	213
675	13
675	142
676	2
676	19
677	11
677	48
678	173
679	17
679	19
680	5
680	6
681	2
681	8
681	28
681	72
681	138
682	2
682	13
682	117
682	170
683	30
683	33
683	40
683	179
684	17
684	117
684	170
685	25
685	56
685	62
685	154
685	216
686	162
686	192
687	2
687	39
687	223
688	6
688	24
689	2
689	37
689	239
690	21
690	24
690	121
691	44
691	77
691	132
692	24
692	36
692	107
693	11
693	27
693	47
693	123
693	195
694	2
694	26
694	131
695	30
695	33
695	56
695	107
695	154
696	28
696	79
696	105
697	15
697	47
697	123
697	124
698	55
698	56
698	58
698	154
699	10
699	14
699	24
699	127
699	138
700	7
700	11
700	27
700	65
700	217
701	78
701	188
702	181
703	38
703	57
704	7
704	11
704	27
704	35
704	48
705	13
705	47
705	56
705	124
705	154
706	17
706	133
706	142
706	146
707	2
707	14
707	28
707	131
707	240
708	2
708	20
708	41
709	22
709	27
709	28
709	139
710	55
710	57
710	125
710	135
711	13
711	47
711	72
711	123
711	195
712	2
712	241
712	242
713	43
713	48
714	13
714	28
715	14
715	47
715	123
716	14
716	19
717	13
717	47
718	14
718	44
718	72
718	77
719	22
719	28
719	115
719	243
720	113
720	128
721	2
721	47
722	2
722	48
722	244
723	14
723	22
723	245
724	47
724	84
724	246
725	14
725	27
725	47
725	124
726	117
726	165
727	25
728	13
728	27
728	30
729	15
729	30
729	47
729	146
729	154
730	25
730	47
731	5
731	6
731	34
731	55
732	5
732	6
732	55
732	247
733	25
733	112
734	22
734	84
735	30
735	105
735	179
736	8
736	14
736	30
736	40
737	11
737	12
737	65
738	5
738	105
739	2
739	14
739	49
740	2
740	68
741	34
741	50
742	12
742	155
743	38
743	98
744	14
744	137
745	5
745	107
745	213
746	30
746	33
746	78
747	2
747	26
747	28
747	39
748	216
749	31
749	212
750	2
750	28
750	120
751	8
751	47
752	6
752	30
752	53
753	28
753	48
754	41
754	155
755	24
755	121
755	222
756	17
756	117
756	248
757	160
758	30
758	31
758	189
759	2
759	30
759	63
760	98
760	107
760	158
761	30
761	114
761	170
762	8
762	14
762	69
763	2
763	38
763	39
763	249
764	30
764	179
765	31
765	172
765	237
766	13
766	154
767	8
767	79
768	2
768	152
768	250
769	2
769	184
769	233
769	250
770	2
770	186
771	24
771	38
771	147
771	209
771	222
772	133
772	146
773	117
774	47
774	72
774	123
775	241
775	251
776	11
776	15
776	47
776	123
776	165
777	47
777	56
777	221
778	53
779	5
779	36
779	107
779	252
780	27
780	154
781	98
781	191
782	2
782	241
783	6
783	85
784	47
784	250
785	8
785	28
785	30
785	54
786	9
786	111
787	24
788	22
788	28
789	1
789	2
789	105
790	86
790	147
790	196
791	250
792	27
792	47
792	123
792	124
793	114
794	47
794	123
794	154
795	44
795	253
796	2
796	13
796	126
797	33
797	87
797	146
798	2
798	126
798	132
799	5
799	22
799	35
800	6
800	142
801	254
802	14
802	22
802	254
803	57
803	255
804	57
804	90
804	108
804	167
804	254
805	54
806	14
806	254
807	2
807	69
807	72
807	73
808	50
808	231
809	40
809	44
809	87
810	57
810	90
810	154
810	167
810	254
811	5
811	47
811	123
811	195
811	246
812	57
812	164
813	14
813	47
813	123
813	124
814	14
814	22
814	161
815	84
816	5
816	6
816	98
817	12
817	24
818	2
818	25
818	126
819	1
819	2
819	242
820	30
820	98
821	7
821	22
821	47
821	115
822	2
822	22
822	30
822	44
822	47
823	48
823	213
823	256
824	61
824	101
824	155
825	55
825	101
826	48
826	59
827	22
827	159
828	8
828	28
828	30
829	2
829	206
830	2
830	123
831	2
831	47
831	114
832	2
832	127
833	8
833	188
834	47
834	123
834	193
835	18
836	146
837	22
837	245
838	19
838	164
839	24
839	85
839	220
840	22
840	33
841	33
841	40
841	192
842	8
842	257
843	13
843	47
843	246
844	19
844	30
844	47
844	114
844	142
845	47
845	123
845	154
845	205
846	31
846	32
846	205
847	61
847	213
848	6
848	46
848	69
849	34
849	46
849	93
850	5
850	14
850	22
850	71
851	6
851	55
851	164
851	255
852	14
852	41
853	2
853	77
853	136
854	31
854	142
855	2
855	13
855	48
855	117
855	170
856	47
856	164
857	47
857	123
857	246
858	22
858	46
858	69
858	121
859	19
859	107
860	6
860	24
860	160
861	154
862	9
862	40
862	111
863	43
863	121
863	209
864	56
864	92
864	154
865	28
865	48
865	235
866	22
866	45
867	160
867	222
868	14
868	72
869	2
869	7
869	68
869	179
870	2
870	184
871	2
871	75
871	174
871	233
872	14
872	24
873	24
873	47
874	22
874	173
875	6
875	22
876	84
876	133
877	22
877	71
878	180
879	2
879	8
879	28
880	47
880	197
881	14
881	27
881	47
881	123
881	124
882	1
882	120
883	2
883	174
884	98
884	213
885	14
885	17
885	123
885	124
886	30
886	56
887	2
887	9
887	179
888	170
889	126
889	208
890	8
890	12
890	28
890	250
891	5
891	48
891	58
892	6
892	24
892	28
892	31
892	258
893	31
893	38
893	47
894	6
894	12
894	61
894	98
895	13
895	259
896	2
896	40
897	24
897	107
898	15
898	24
898	27
898	47
899	211
900	38
900	111
900	234
901	30
901	33
901	105
901	151
901	179
902	94
902	159
902	212
903	22
903	48
903	84
904	13
904	17
904	117
904	149
904	170
905	8
905	28
905	72
906	24
906	40
907	30
907	123
907	179
908	14
908	22
908	139
909	30
909	43
909	179
910	31
910	237
911	22
911	84
911	171
911	173
912	22
912	24
912	84
912	209
912	218
913	112
914	1
914	179
915	5
915	22
915	84
915	209
916	22
916	218
917	13
917	47
917	170
917	260
918	22
918	28
918	84
918	218
919	22
919	30
919	84
919	218
920	22
920	139
921	22
921	84
921	218
922	24
922	127
923	29
923	58
924	123
925	8
925	28
925	44
925	192
926	2
926	8
926	179
927	13
927	117
928	2
928	120
928	167
929	146
929	173
930	25
930	98
930	164
931	55
931	56
931	98
931	154
932	33
932	40
932	87
933	6
933	46
934	2
934	22
935	5
935	58
936	1
936	2
936	26
937	25
937	54
938	47
938	56
938	154
938	246
939	38
939	56
939	154
940	22
940	102
941	22
941	160
942	15
942	31
942	47
943	30
943	114
944	27
944	47
945	14
945	22
945	146
945	173
946	43
946	44
946	209
947	43
947	139
947	209
948	28
948	31
948	141
949	33
949	105
950	2
950	25
951	5
951	147
951	160
952	36
952	121
953	19
953	30
953	33
953	98
953	154
954	2
954	28
954	49
955	9
955	35
956	29
956	47
956	127
957	19
957	31
957	114
958	6
958	261
959	24
959	121
959	171
960	22
960	24
960	31
960	84
960	262
961	17
961	170
962	87
963	5
963	47
963	173
964	13
964	46
965	6
965	181
965	255
966	19
966	30
967	6
967	56
968	15
968	123
968	124
969	25
969	30
969	81
970	65
970	125
970	135
970	217
971	263
972	22
972	245
972	264
973	24
973	36
973	160
974	6
974	24
974	36
974	265
975	14
975	173
976	103
977	8
977	14
977	111
978	5
978	69
978	77
979	13
979	15
979	47
979	200
980	137
981	2
981	8
981	72
982	4
982	8
982	34
982	128
983	8
983	22
983	30
983	139
984	17
984	18
985	6
985	12
985	65
986	65
987	2
987	31
987	172
988	7
988	11
988	23
988	35
988	264
989	143
989	202
990	8
990	28
990	77
991	13
991	17
991	266
992	14
992	27
992	30
992	47
992	48
993	6
993	106
994	6
994	24
994	38
995	2
995	28
995	131
995	206
995	240
996	41
996	267
997	87
997	192
998	46
998	160
999	8
999	44
999	253
1000	47
1000	123
1000	124
1001	117
1001	165
1001	195
1002	1
1002	2
1002	105
1002	151
1003	27
1004	2
1004	28
1004	95
1004	131
1004	241
1005	47
1005	123
1005	197
1006	2
1006	14
1006	28
1006	138
1006	207
1007	4
1007	5
1007	6
1007	22
1007	224
1008	14
1008	44
1008	111
1008	162
1009	2
1009	74
1010	15
1010	142
1011	47
1011	56
1011	114
1011	154
1011	246
1012	27
1012	46
1012	47
1012	165
1013	34
1013	38
1013	86
1014	47
1014	98
1014	246
1015	5
1015	19
1016	15
1016	47
1016	124
1017	38
1017	155
1018	14
1018	26
1018	39
1019	47
1019	78
1020	7
1020	22
1021	13
1021	14
1021	170
1022	13
1022	34
1023	24
1023	36
1024	8
1024	34
1025	19
1025	106
1025	232
1026	56
1026	62
1027	8
1027	72
1028	2
1028	268
1029	22
1029	229
1029	269
1030	2
1030	31
1030	32
1031	24
1031	31
1031	85
1032	15
1032	200
1033	28
1033	72
1034	2
1034	131
1034	138
1034	206
1035	2
1035	140
1035	179
1036	47
1036	87
1037	38
1037	84
1038	8
1038	22
1038	30
1038	33
1038	72
1039	212
1040	4
1040	22
1040	147
1040	167
1041	197
1042	40
1042	86
1042	111
1043	128
1044	14
1044	179
1045	2
1045	26
1045	63
1045	105
1046	69
1046	127
1047	25
1047	48
1047	216
1047	270
1048	13
1048	94
1049	14
1049	22
1049	167
1049	271
1050	7
1050	102
1051	237
1051	272
1052	8
1052	27
1052	105
1052	253
1053	13
1053	47
1053	181
1054	14
1054	125
1054	205
1054	246
1055	13
1055	84
1055	170
1056	48
1056	56
1057	30
1057	146
1058	14
1058	146
1059	19
1059	78
1059	146
1060	2
1060	14
1060	176
1061	2
1061	8
1061	108
1061	131
1062	142
1062	181
1063	1
1063	2
1063	28
1063	120
1064	6
1064	43
1064	129
1065	8
1065	14
1065	77
1066	93
1066	122
1066	250
1067	8
1067	72
1067	77
1067	253
1068	8
1068	40
1069	14
1069	24
1069	121
1070	40
1070	192
1071	31
1071	179
1072	82
1073	13
1073	47
1073	154
1074	98
1074	112
1074	213
1075	2
1075	22
1075	40
1075	101
1075	102
1076	25
1076	66
1077	58
1077	78
1077	273
1078	48
1078	274
1079	14
1079	30
1079	40
1080	1
1080	2
1080	120
1081	48
1081	196
1081	235
1082	30
1082	33
1082	98
1083	5
1083	14
1083	22
1083	130
1084	46
1084	139
1084	147
1085	19
1085	56
1085	154
1086	19
1086	154
1086	164
1087	48
1087	235
1088	8
1088	28
1088	70
1088	179
1089	1
1089	78
1089	188
1090	8
1090	40
1090	50
1091	9
1091	179
1092	8
1092	40
1092	72
1093	2
1093	137
1093	179
1094	2
1094	82
1094	120
1095	2
1095	93
1095	138
1095	249
1096	78
1096	96
1096	102
1096	151
1097	208
1098	22
1098	173
1098	275
1099	105
1099	246
1100	38
1100	86
1101	14
1101	47
1101	146
1102	56
1102	98
1102	154
1103	2
1103	242
1104	38
1104	147
1105	98
1105	133
1106	13
1106	17
1106	27
1106	47
1106	117
1107	19
1107	31
1108	5
1108	6
1108	24
1108	45
1109	46
1109	69
1109	139
1110	14
1110	22
1110	91
1110	173
1111	6
1111	22
1111	24
1111	36
1111	85
1112	14
1112	15
1113	2
1113	37
1113	120
1114	165
1115	24
1115	121
1116	19
1116	20
1116	64
1116	213
1117	30
1117	31
1117	141
1117	276
1118	2
1118	44
1119	60
1119	62
1119	98
1120	47
1120	165
1121	2
1121	13
1121	28
1121	47
1122	8
1122	40
1122	72
1122	253
1123	30
1123	56
1123	154
1124	155
1124	179
1125	264
1126	5
1126	17
1127	2
1127	132
1127	223
1128	8
1128	105
1129	30
1129	33
1129	213
1130	164
1131	8
1131	69
1131	77
1131	121
1132	40
1132	121
1133	6
1133	24
1133	55
1134	20
1134	33
1135	8
1135	33
1136	2
1136	8
1136	28
1136	37
1137	24
1137	102
1138	22
1138	24
1138	121
1139	93
1140	26
1140	39
1141	13
1141	47
1141	179
1142	22
1142	24
1142	51
1142	121
1143	8
1143	33
1143	40
1143	72
1144	2
1144	202
1145	8
1145	127
1146	5
1146	6
1146	213
1147	25
1147	216
1148	246
1149	8
1149	30
1149	44
1149	72
1150	12
1150	24
1150	36
1150	71
1151	5
1151	6
1151	198
1152	17
1152	170
1152	193
1153	7
1153	22
1153	115
1153	160
1154	12
1154	15
1154	48
1154	210
1155	14
1155	22
1155	30
1155	139
1156	55
1156	56
1156	62
1157	19
1157	213
1158	22
1158	24
1158	28
1158	209
1158	246
1159	14
1159	47
1159	54
1160	8
1160	253
1161	47
1161	121
1162	6
1162	129
1162	160
1163	13
1163	30
1163	47
1163	170
1164	6
1164	36
1164	133
1165	40
1165	44
1165	111
1166	24
1166	69
1166	121
1167	30
1167	33
1167	86
1167	126
1167	147
1168	4
1168	24
1169	31
1169	46
1169	121
1170	19
1170	56
1170	277
1170	278
1171	19
1171	55
1171	154
1172	279
1173	179
1173	213
1174	6
1174	53
1174	217
1175	14
1175	22
1175	110
1176	65
1176	107
1176	232
1177	170
1177	228
1178	6
1178	24
1178	36
1178	85
1179	7
1179	121
1180	44
1180	105
1181	2
1181	192
1181	238
1182	5
1182	6
1182	224
1183	5
1183	36
1183	252
1184	24
1184	84
1184	209
1185	14
1185	28
1185	56
1185	146
1186	56
1186	179
1187	31
1187	280
1188	2
1188	37
1188	253
1189	2
1189	30
1189	31
1189	189
1190	6
1190	98
1190	158
1191	8
1191	28
1191	237
1192	238
1192	263
1193	56
1193	98
1194	8
1194	14
1194	87
1195	220
1195	264
1196	5
1196	62
1196	106
1197	151
1198	77
1199	8
1199	72
1199	105
1200	28
1200	87
1200	105
1201	14
1201	15
1201	48
1201	55
1202	6
1202	55
1202	191
1203	6
1203	24
1203	36
1204	2
1204	37
1204	105
1204	120
1205	125
1206	270
1207	57
1207	93
1207	249
1208	104
1208	179
1209	1
1209	177
1210	2
1210	105
1210	233
1211	6
1211	46
1211	53
1212	13
1212	19
1212	98
1213	47
1213	235
1213	276
1214	30
1214	33
1214	47
1215	2
1215	131
1215	281
1216	8
1216	28
1217	14
1217	170
1218	28
1218	105
1219	35
1219	173
1220	9
1220	40
1220	111
1220	282
1221	15
1221	24
1222	2
1222	26
1222	133
1223	5
1223	14
1223	22
1223	283
1224	8
1224	30
1224	40
1225	50
1225	52
1225	121
1226	2
1226	26
1226	65
1226	79
1227	19
1227	24
1227	36
1227	252
1228	14
1228	15
1228	27
1228	47
1228	66
1229	72
1229	123
1230	6
1230	31
1230	155
1231	8
1231	14
1231	106
1232	13
1232	149
1233	1
1233	48
1234	170
1234	193
1235	2
1235	8
1235	98
1236	4
1236	38
1236	43
1237	8
1237	40
1237	78
1238	14
1238	28
1238	30
1239	48
1239	65
1239	205
1240	67
1240	78
1241	6
1241	284
1242	7
1242	8
1242	171
1243	6
1243	69
1244	2
1244	22
1244	28
1244	44
1245	65
1245	78
1246	40
1246	43
1246	275
1247	33
1247	78
1247	111
1247	285
1248	2
1248	78
1249	38
1249	93
1250	22
1250	84
1250	173
1251	2
1251	74
1251	131
1251	152
1252	2
1252	63
1252	105
1252	201
1253	2
1253	14
1253	37
1253	242
1254	40
1254	56
1255	35
1255	86
1255	111
1256	22
1256	93
1256	173
1257	13
1257	15
1257	22
1257	30
1257	31
1258	30
1258	119
1258	120
1259	2
1259	73
1259	120
1260	11
1260	12
1260	31
1260	47
1261	34
1261	50
1261	121
1262	2
1262	14
1262	281
1263	13
1263	286
1264	19
1264	67
1265	2
1265	28
1265	105
1266	67
1267	6
1267	19
1267	107
1268	6
1268	53
1268	55
1269	57
1269	167
1269	227
1270	6
1270	160
1271	2
1271	105
1271	251
1272	14
1272	22
1272	115
1273	14
1273	22
1273	44
1274	142
1274	160
1274	191
1275	14
1275	39
1276	13
1276	18
1276	286
1277	24
1277	121
1277	209
1278	55
1278	105
1278	216
1279	8
1279	28
1279	44
1279	77
1279	105
1280	8
1280	69
1280	73
1280	143
1281	2
1281	8
1281	25
1281	78
1281	253
1282	287
1283	2
1283	229
1283	288
1284	47
1284	149
1284	193
1285	13
1285	18
1285	41
1285	286
1286	126
1286	211
1287	17
1287	53
1288	5
1288	22
1288	173
1289	19
1289	20
1289	213
1289	289
1290	2
1290	152
1290	202
1291	2
1291	49
1291	268
1292	13
1292	15
1293	50
1293	121
1293	210
1294	19
1294	55
1295	35
1296	40
1296	290
1297	38
1297	112
1297	214
1298	13
1298	47
1298	72
1299	47
1299	203
1300	24
1300	285
1301	5
1301	47
1301	246
1302	22
1302	30
1302	105
1302	179
1303	2
1303	37
1303	105
1304	5
1304	9
1304	38
1304	147
1305	159
1306	72
1306	77
1306	105
1307	2
1307	8
1307	37
1307	38
1308	116
1308	230
1309	33
1309	40
1309	56
1310	24
1310	36
1310	53
1311	235
1312	12
1312	69
1312	133
1313	11
1314	14
1314	65
1314	106
1315	14
1315	30
1315	40
1315	41
1316	117
1316	170
1317	47
1317	84
1318	13
1318	47
1318	204
1319	23
1319	24
1319	210
1320	14
1320	57
1320	78
1320	89
1320	90
1321	33
1321	38
1321	81
1322	13
1322	200
1323	129
1323	133
1324	17
1324	238
1325	8
1325	34
1325	69
1326	22
1326	192
1326	218
1327	30
1327	56
1327	78
1328	132
1329	13
1329	181
1329	192
1330	8
1330	77
1331	54
1331	112
1332	145
1333	47
1333	111
1334	2
1334	40
1334	44
1335	2
1335	120
1335	291
1336	31
1336	56
1336	189
1337	1
1337	2
1337	34
1338	105
1338	181
1339	50
1339	53
1340	19
1340	21
1340	22
1340	64
1340	67
1341	27
1341	47
1341	48
1342	6
1342	158
1342	244
1343	19
1343	20
1343	114
1343	213
1344	11
1344	22
1344	71
1345	38
1345	48
1345	105
1346	47
1346	142
1347	14
1347	40
1347	127
1348	22
1348	151
1349	2
1349	44
1349	253
1350	47
1350	211
1350	246
1350	292
1351	15
1351	47
1351	170
1352	8
1352	31
1353	6
1353	24
1353	163
1354	121
1354	160
1354	209
1355	17
1355	193
1356	19
1356	107
1356	164
1357	2
1357	251
1358	2
1358	215
1359	22
1359	47
1359	123
1360	72
1360	81
1361	7
1361	22
1361	24
1361	115
1362	13
1362	60
1362	98
1363	30
1363	41
1363	179
1364	15
1364	47
1364	123
1365	15
1365	47
1365	123
1365	211
1366	2
1366	131
1366	138
1367	15
1367	47
1367	53
1367	163
1367	211
1368	2
1368	31
1368	189
1369	5
1369	6
1369	14
1369	24
1369	160
1370	47
1370	56
1370	246
1371	13
1371	47
1371	149
1371	246
1372	2
1372	40
1372	215
1373	22
1373	130
1374	2
1374	38
1374	49
1374	184
1374	233
1375	5
1375	48
1375	57
1376	2
1376	26
1376	132
1377	31
1377	78
1377	155
1378	15
1378	47
1378	246
1379	18
1379	121
1380	230
1381	17
1381	117
1381	181
1382	55
1383	133
1383	283
1384	2
1384	126
1384	246
1385	14
1385	246
1386	171
1387	47
1387	246
1388	15
1388	47
1388	238
1389	123
1389	197
1390	47
1390	125
1390	167
1391	7
1391	14
1391	86
1391	261
1392	2
1392	73
1393	57
1393	126
1393	167
1394	13
1394	77
1394	170
1395	55
1395	57
1395	293
1396	14
1396	47
1396	246
1397	56
1397	211
1398	2
1398	240
1398	271
1399	2
1399	120
1399	178
1400	2
1400	127
1400	281
1401	6
1401	43
1401	98
1402	22
1402	218
1402	252
1403	33
1403	78
1404	6
1404	8
1404	31
1405	9
1405	40
1405	43
1405	192
1406	14
1406	47
1406	238
1407	2
1407	15
1407	210
1408	6
1408	56
1408	154
1409	22
1409	24
1409	40
1409	115
1410	13
1410	19
1410	20
1410	246
1410	278
1411	17
1411	105
1412	56
1412	62
1412	92
1412	154
1413	2
1413	210
1414	47
1414	84
1414	121
1414	170
1415	7
1415	40
1416	15
1416	84
1417	22
1417	58
1417	125
1417	147
1418	48
1418	154
1419	13
1419	14
1419	250
1420	31
1420	189
1421	22
1421	25
1422	31
1422	47
1422	190
1423	8
1423	105
1423	179
1424	129
1425	2
1425	49
1425	120
1426	2
1426	138
1426	143
1426	180
1427	14
1427	39
1427	251
1428	2
1428	153
1428	257
1429	2
1429	63
1429	120
1430	30
1430	31
1431	2
1431	33
1431	54
1431	126
1432	8
1432	30
1432	123
1433	14
1433	40
1433	72
1433	127
1434	274
1435	22
1435	87
1435	210
1436	4
1436	15
1436	24
1436	31
1436	36
1437	22
1437	46
1437	229
1438	4
1438	22
1438	24
1438	31
1438	262
1439	30
1439	40
1439	151
1439	192
1440	6
1440	259
1441	22
1441	72
1442	13
1442	15
1442	246
1443	8
1443	28
1443	30
1443	33
1443	179
1444	2
1444	14
1444	30
1445	151
1445	192
1446	47
1446	95
1447	2
1447	47
1447	126
1447	151
1448	54
1448	56
1448	57
1448	58
1448	246
1449	1
1449	2
1449	14
1449	114
1450	117
1450	181
1451	2
1451	79
1451	179
1452	1
1452	2
1452	14
1452	132
1453	14
1453	142
1453	181
1454	7
1454	23
1455	14
1455	22
1455	85
1455	218
1456	118
1456	123
1457	2
1457	28
1457	38
1458	106
1459	121
1459	170
1460	94
1460	98
1461	5
1461	47
1462	34
1462	38
1462	142
1463	22
1463	123
1463	173
1464	121
1464	127
1465	22
1465	33
1465	54
1465	208
1466	25
1466	86
1467	8
1467	30
1468	19
1468	107
1468	114
1469	2
1469	47
1469	132
1470	35
1470	142
1471	47
1471	72
1471	246
1472	2
1472	69
1473	2
1473	236
1474	14
1474	18
1474	47
1474	123
1474	193
1475	8
1475	22
1475	33
1475	78
1475	105
1476	2
1476	77
1477	2
1477	114
1478	28
1478	246
1479	143
1480	152
1481	9
1482	27
1482	33
1482	72
1483	15
1483	47
1483	59
1484	14
1484	79
1484	152
1485	7
1485	8
1485	9
1485	86
1486	6
1486	31
1486	189
1487	2
1487	294
1488	15
1488	47
1488	284
1489	49
1489	74
1490	2
1490	14
1490	132
1490	295
1491	27
1491	30
1491	179
1492	134
1493	134
1493	147
1494	1
1494	8
1494	77
1495	2
1495	28
1495	120
1495	178
1496	78
1496	98
1497	170
1497	179
1498	5
1498	19
1498	24
1498	115
1499	22
1499	115
1500	47
1500	69
1500	77
1501	6
1501	12
1501	55
1502	259
1503	2
1503	20
1504	8
1504	102
1505	15
1505	123
1506	112
1506	213
1507	2
1507	105
1507	108
1508	147
1509	49
1510	1
1510	2
1510	83
1510	131
1511	40
1511	127
1512	22
1512	84
1512	123
1512	124
1513	38
1513	129
1514	98
1514	126
1515	2
1515	95
1515	138
1516	6
1516	38
1516	160
1517	100
1517	127
1517	253
1518	22
1518	105
1519	4
1519	6
1519	19
1519	34
1519	35
1520	11
1520	12
1520	23
1520	35
1520	71
1521	14
1521	30
1521	88
1522	2
1522	79
1522	253
1523	13
1523	117
1523	170
1524	13
1524	22
1524	121
1524	151
1524	173
1525	2
1525	27
1525	54
1525	210
1526	27
1526	133
1526	143
1526	210
1527	9
1527	35
1527	111
1528	7
1528	22
1528	23
1528	40
1529	14
1529	111
1530	25
1530	33
1530	126
1531	6
1531	198
1531	284
1532	8
1532	44
1532	127
1532	128
1533	111
1533	147
1533	234
1534	2
1534	174
1534	179
1535	25
1535	98
1536	15
1536	47
1536	204
1537	47
1537	98
1537	112
1537	213
1538	29
1538	44
1538	111
1538	127
1539	10
1539	23
1539	24
1539	49
1539	110
1540	2
1540	69
1540	119
1541	15
1541	47
1541	200
1542	78
1542	98
1542	121
1543	2
1543	83
1543	152
1544	1
1544	98
1544	127
1544	177
1545	2
1545	34
1545	111
1546	28
1546	36
1547	28
1547	30
1547	56
1547	98
1548	8
1548	34
1548	47
1549	6
1549	34
1549	46
1549	199
1550	7
1550	43
1550	121
1551	1
1551	69
1551	73
1552	2
1552	30
1552	179
1553	2
1553	23
1553	34
1553	128
1554	78
1554	170
1554	246
1555	14
1555	30
1555	47
1555	98
1556	245
1557	2
1557	105
1558	2
1558	79
1559	1
1559	2
1559	28
1559	288
1560	56
1560	98
1560	210
1560	211
1561	13
1561	14
1561	20
1561	47
1562	114
1562	253
1563	11
1563	31
1564	121
1564	209
1564	210
1565	19
1565	67
1565	107
1565	232
1566	19
1566	208
1567	15
1567	47
1567	59
1567	246
1568	8
1568	14
1568	30
1569	8
1569	47
1569	72
1570	7
1570	9
1570	14
1570	40
1570	163
1571	121
1571	210
1572	35
1572	192
1573	38
1573	160
1574	101
1574	154
1575	6
1575	36
1575	129
1575	163
1576	40
1576	86
1576	147
1576	248
1577	23
1577	35
1577	40
1577	220
1578	2
1578	9
1579	6
1579	106
1579	107
1580	24
1580	50
1580	121
1581	2
1581	49
1581	131
1582	40
1582	296
1583	162
1584	6
1584	46
1584	53
1584	55
1585	2
1585	297
1586	117
1586	126
1587	23
1587	133
1588	87
1588	112
1588	213
1589	15
1589	27
1589	47
1590	298
1591	15
1591	22
1592	13
1592	30
1592	33
1593	6
1593	24
1593	121
1594	3
1594	6
1595	2
1595	72
1596	2
1596	131
1596	207
1597	55
1597	154
1598	5
1598	28
1598	121
1598	209
1598	224
1599	147
1599	209
1600	13
1600	55
1600	98
1600	259
1601	2
1601	72
1601	120
1602	14
1602	30
1602	179
1603	19
1603	56
1604	2
1604	108
1604	131
1605	2
1605	28
1605	119
1606	22
1606	283
1607	31
1607	36
1608	15
1608	18
1608	210
1609	8
1609	111
1609	127
1610	100
1610	108
1611	1
1611	178
1611	299
1612	37
1612	105
1613	123
1613	292
1614	38
1614	55
1614	56
1615	30
1615	111
1616	6
1616	22
1616	31
1616	45
1617	31
1617	32
1618	19
1618	40
1618	114
1619	2
1619	22
1619	44
1619	105
1620	2
1620	8
1620	100
1621	13
1621	47
1621	114
1621	170
1622	2
1622	14
1622	26
1622	64
1622	67
1623	2
1623	178
1624	13
1624	26
1625	2
1625	49
1625	300
1626	14
1626	15
1626	47
1627	1
1627	2
1627	28
1627	202
1628	22
1628	105
1628	171
1629	6
1629	98
1629	164
1629	255
1630	115
1631	30
1631	151
1631	286
1632	38
1632	133
1632	144
1633	166
1634	13
1634	18
1635	2
1635	66
1635	181
1636	2
1636	177
1637	84
1637	123
1638	47
1638	123
1638	301
1639	2
1639	30
1639	105
1639	151
1640	2
1640	30
1640	40
1640	179
1641	14
1641	152
1642	107
1642	179
1643	27
1643	59
1644	47
1644	123
1644	154
1644	302
1645	47
1645	123
1645	246
1645	263
1645	302
1646	59
1646	302
1647	31
1647	155
1648	302
1649	47
1649	302
1650	40
1650	105
1650	163
1651	2
1651	26
1651	37
1652	47
1652	246
1652	302
1653	6
1653	155
1654	19
1654	62
1654	98
1655	34
1655	109
1656	2
1656	303
1657	7
1657	24
1657	192
1657	210
1658	14
1658	22
1658	28
1658	179
1659	2
1659	33
1659	192
1660	31
1660	47
1660	149
1660	172
1661	30
1661	154
1662	9
1662	14
1662	35
1663	47
1663	59
1663	125
1663	246
1664	5
1664	6
1664	107
1665	2
1665	75
1666	230
1666	234
1667	17
1667	18
1667	121
1667	170
1668	2
1668	8
1668	28
1668	304
1669	24
1669	147
1669	209
1669	222
1670	102
1670	129
1671	2
1671	131
1671	184
1671	207
1672	45
1672	55
1673	22
1673	45
1673	115
1673	161
1674	5
1674	30
1675	2
1675	26
1675	294
1676	2
1676	7
1676	23
1676	69
1676	163
1677	8
1677	24
1677	44
1678	123
1678	124
1679	22
1679	31
1679	262
1679	283
1680	40
1680	49
1681	33
1681	78
1681	188
1682	2
1682	49
1682	305
1683	22
1683	40
1684	4
1684	6
1684	43
1684	53
1684	65
1685	8
1685	69
1685	77
1685	271
1686	2
1686	8
1686	37
1686	70
1686	264
1687	2
1687	98
1687	306
1688	22
1688	51
1688	139
1688	151
1689	47
1689	179
1690	33
1690	40
1690	179
1691	47
1691	192
1691	307
1692	2
1692	8
1692	71
1692	72
1692	179
1693	22
1693	123
1693	146
1694	8
1694	72
1694	162
1695	121
1695	209
1695	220
1696	277
1697	2
1697	302
1698	2
1698	144
1699	2
1699	37
1699	163
1700	2
1700	174
1700	223
1701	33
1701	87
1701	228
1702	123
1702	277
1703	50
1703	121
1703	209
1704	14
1704	15
1704	28
1705	6
1705	47
1705	123
1706	2
1706	23
1707	14
1707	22
1707	121
1708	47
1708	301
1709	14
1709	25
1709	47
1710	14
1710	220
1711	13
1711	31
1711	190
1712	293
1713	14
1713	22
1713	35
1713	46
1713	121
1714	22
1714	160
1714	179
1715	8
1715	47
1715	123
1715	263
1715	302
1716	19
1716	30
1716	102
1717	4
1717	22
1718	2
1718	77
1718	293
1719	146
1719	293
1720	14
1720	227
1720	271
1720	293
1721	26
1721	37
1721	111
1722	66
1722	98
1723	38
1723	154
1724	4
1724	6
1724	24
1724	36
1725	13
1725	15
1725	47
1725	123
1726	47
1726	211
1726	277
1727	6
1727	36
1727	53
1728	6
1728	24
1728	45
1728	160
1728	284
1729	8
1729	28
1729	133
1729	171
1730	26
1730	47
1731	215
1732	13
1732	19
1732	246
1733	8
1733	28
1733	34
1734	47
1734	106
1735	1
1735	2
1735	177
1736	15
1736	47
1736	59
1736	87
1736	308
1737	24
1737	109
1737	133
1738	125
1738	135
1738	207
1739	5
1739	8
1739	14
1739	36
1740	6
1740	45
1740	55
1740	284
1741	121
1741	171
1741	258
1741	309
1742	24
1742	47
1742	221
1742	301
1743	22
1743	31
1743	46
1744	24
1744	121
1744	129
1744	209
1745	5
1745	25
1746	225
1747	55
1747	216
1748	161
1749	14
1749	22
1749	24
1750	6
1750	158
1751	34
1751	121
1752	14
1752	111
1752	310
1752	311
1752	312
1753	51
1753	121
1753	133
1754	192
1754	277
1755	2
1755	28
1755	291
1756	62
1756	98
1757	24
1757	28
1757	121
1757	209
1757	222
1758	22
1758	28
1758	139
1758	151
1759	31
1759	160
1760	2
1760	8
1760	47
1760	302
1761	6
1761	50
1761	55
1761	61
1761	199
1762	202
1763	19
1763	123
1764	23
1765	25
1765	154
1765	158
1765	159
1766	2
1766	66
1766	170
1767	2
1767	240
1767	253
1768	27
1768	123
1768	124
1769	24
1769	27
1769	47
1769	87
1769	123
1770	2
1770	14
1770	82
1771	78
1771	96
1771	179
1772	2
1772	28
1772	186
1772	241
1773	39
1773	179
1774	6
1774	22
1774	24
1774	59
1774	224
1775	22
1775	31
1775	262
1776	77
1776	128
1777	46
1777	232
1778	2
1778	291
1779	30
1779	87
1780	5
1780	22
1780	160
1781	22
1781	105
1781	139
1782	8
1782	169
1783	2
1783	37
1783	111
1783	215
1784	31
1784	94
1784	212
1785	14
1785	44
1785	49
1785	72
1786	14
1786	43
1786	69
1787	57
1787	98
1787	167
1788	22
1788	24
1788	40
1789	14
1789	17
1789	277
1790	45
1790	210
1790	284
1791	2
1791	8
1791	207
1792	133
1792	173
1793	179
1793	192
1794	15
1794	47
1794	48
1795	7
1795	14
1796	6
1796	55
1796	232
1797	1
1797	2
1797	313
1798	27
1798	123
1799	6
1799	212
1800	38
1800	55
1801	2
1801	77
1801	152
1801	153
1802	1
1802	2
1802	28
1802	178
1803	98
1803	158
1804	124
1804	204
1805	46
1805	69
1805	129
1806	8
1806	40
1806	64
1806	72
1806	159
1807	2
1807	7
1807	8
1808	13
1808	15
1808	59
1808	224
1808	246
1809	13
1809	189
1810	19
1810	246
1811	19
1811	66
1811	102
1812	25
1812	244
1813	30
1813	142
1813	155
1814	30
1814	40
1814	105
1815	2
1815	246
1816	2
1816	98
1817	6
1817	34
1817	45
1818	2
1818	28
1818	138
1818	180
1819	5
1819	15
1819	47
1819	123
1819	284
1820	2
1820	120
1820	176
1821	56
1821	66
1822	102
1822	170
1822	179
1823	6
1823	55
1823	167
1823	191
1823	261
1824	22
1824	24
1824	85
1824	220
1825	22
1825	24
1825	45
1825	84
1826	7
1826	133
1827	57
1827	58
1827	93
1827	314
1828	154
1828	164
1829	32
1829	93
1830	22
1830	28
1830	115
1831	6
1831	43
1831	69
1831	129
1832	38
1832	45
1832	315
1833	55
1833	316
1834	48
1834	65
1834	98
1834	213
1834	256
1835	317
1836	2
1836	7
1836	69
1837	2
1837	34
1838	55
1838	57
1838	98
1838	112
1838	213
1839	1
1839	132
1840	112
1840	122
1840	133
1841	22
1841	318
1842	6
1842	34
1842	129
1842	284
1843	14
1843	19
1843	30
1843	47
1844	30
1844	77
1844	105
1844	317
1845	19
1845	24
1845	278
1846	57
1846	146
1847	152
1847	297
1848	57
1848	167
1849	2
1849	9
1849	127
1850	55
1850	57
1850	98
1851	57
1851	213
1852	4
1852	7
1852	22
1852	23
1852	24
1853	57
1853	167
1853	246
1854	22
1854	30
1854	56
1855	8
1855	14
1855	40
1855	57
1855	167
1856	22
1856	30
1856	44
1856	77
1857	88
1857	230
1858	4
1858	6
1858	24
1858	43
1859	57
1859	98
1859	293
1860	47
1860	204
1861	48
1861	210
1861	235
1862	252
1863	5
1863	213
1864	2
1864	39
1864	153
1865	47
1865	205
1866	47
1866	302
1866	319
1867	5
1867	6
1867	198
1867	284
1868	2
1868	26
1868	111
1869	5
1869	153
1870	69
1870	133
1871	2
1871	207
1872	8
1872	22
1872	253
1873	28
1873	121
1873	210
1874	6
1874	24
1874	40
1875	14
1875	30
1875	86
1875	214
1876	1
1876	14
1876	67
1876	112
1876	146
1877	123
1877	277
1877	301
1878	2
1878	182
1879	14
1879	25
1879	30
1879	78
1880	2
1880	5
1880	8
1881	167
1882	24
1882	86
1882	147
1882	209
1883	13
1883	14
1883	298
1884	6
1884	62
1885	2
1885	26
1885	38
1886	2
1886	5
1886	48
1887	2
1887	47
1887	126
1888	47
1888	87
1888	123
1888	302
1889	14
1889	22
1889	192
1890	9
1890	22
1890	23
1890	229
1891	2
1891	20
1891	138
1891	180
1892	2
1892	47
1892	246
1893	15
1893	123
1893	302
1894	47
1894	123
1894	319
1895	33
1895	57
1895	307
1896	20
1896	66
1896	98
1897	5
1897	28
1897	121
1898	24
1898	40
1898	87
1899	55
1899	142
1900	164
1900	277
1901	124
1902	107
1902	212
1903	19
1903	164
1903	216
1904	236
1905	6
1905	55
1905	98
1905	259
1906	119
1907	159
1907	279
1908	13
1908	19
1908	66
1908	246
1909	5
1909	40
1909	160
1910	6
1910	158
1910	164
1911	8
1911	72
1911	110
1911	143
1912	2
1912	138
1912	207
1913	2
1913	100
1913	202
1914	15
1914	47
1914	302
1915	2
1915	48
1915	170
1915	202
1916	56
1916	216
1917	5
1917	48
1918	40
1918	51
1918	121
1918	123
1919	24
1919	34
1919	121
1919	209
1920	8
1920	57
1920	167
1921	30
1921	129
1921	179
1922	69
1922	77
1922	86
1922	209
1923	98
1923	320
1924	22
1924	24
1924	31
1924	262
1925	22
1925	33
1925	47
1926	5
1926	6
1926	34
1926	55
1926	284
1927	55
1927	56
1927	98
1928	5
1928	209
1928	284
1929	2
1929	30
1929	72
1930	98
1930	107
1931	19
1931	192
1932	115
1932	121
1933	98
1933	232
1933	284
1934	12
1934	234
1935	80
1935	119
1935	176
1936	2
1936	72
1936	186
1937	133
1937	321
1938	123
1938	302
1939	121
1939	209
1939	284
1939	322
1940	2
1940	138
1940	233
1941	55
1941	56
1941	170
1942	69
1942	77
1942	86
1942	147
1942	209
1943	35
1943	71
1943	111
1943	264
1944	151
1944	188
1945	151
1945	253
1946	13
1946	230
1947	121
1947	133
1947	231
1948	25
1948	34
1948	48
1949	24
1949	109
1949	133
1949	245
1950	8
1950	56
1950	78
1951	78
1951	146
1952	13
1952	27
1952	47
1953	40
1953	44
1953	86
1953	111
1953	167
1954	2
1954	137
1954	206
1955	13
1955	47
1955	301
1956	2
1956	13
1956	170
1956	193
1957	14
1957	44
1957	47
1958	28
1958	45
1958	210
1959	22
1959	121
1959	160
1960	2
1960	9
1960	201
1960	257
1961	13
1961	47
1961	277
1962	86
1962	252
1963	19
1963	54
1963	113
1964	56
1964	154
1964	210
1965	47
1965	164
1965	277
1965	319
1966	30
1966	113
1966	151
1966	277
1967	14
1967	43
1968	40
1968	88
1969	14
1969	34
1969	47
1969	264
1969	275
1970	2
1970	179
1970	202
1971	8
1971	30
1971	56
1971	98
1972	55
1972	98
1972	213
1973	2
1973	28
1973	120
1973	186
1973	295
1974	24
1974	121
1974	133
1975	56
1975	64
1975	65
1976	2
1976	27
1976	186
1977	47
1977	319
1978	2
1978	119
1978	120
1978	323
1979	2
1979	33
1979	126
1980	6
1980	45
1980	191
1980	198
1981	22
1981	33
1981	139
1982	50
1982	121
1982	234
1983	22
1983	167
1983	173
1983	312
1984	133
1984	160
1984	252
1985	2
1985	8
1985	49
1985	174
1986	6
1986	60
1986	98
1986	198
1987	6
1987	98
1987	255
1988	13
1988	31
1988	170
1989	2
1989	8
1989	324
1990	72
1990	132
1991	13
1991	121
1992	4
1992	9
1992	234
1993	14
1993	23
1993	35
1994	36
1994	121
1994	209
1995	102
1995	127
1996	319
1997	1
1997	72
1997	143
1997	253
1998	2
1998	26
1998	215
1998	257
1999	8
1999	40
1999	253
2000	9
2000	40
2001	8
2001	11
2001	40
2001	192
2002	81
2002	94
2003	2
2003	8
2003	137
2004	47
2004	51
2004	123
2004	143
2005	2
2005	8
2005	28
2005	30
2005	40
2006	15
2006	210
2006	319
2007	12
2007	133
2008	48
2008	56
2008	325
2009	15
2010	8
2010	9
2011	2
2011	26
2011	162
2011	220
2012	25
2012	104
2013	2
2013	40
2013	78
2013	98
2014	5
2014	6
2014	19
2015	69
2015	77
2015	128
2016	64
2017	22
2017	28
2017	31
2017	272
2018	22
2018	30
2018	33
2018	40
2018	51
2019	13
2019	62
2020	6
2020	36
2020	46
2021	2
2021	24
2022	6
2022	289
2023	6
2023	19
2023	56
2024	31
2024	34
2024	129
2025	69
2025	77
2025	162
2026	26
2026	29
2027	45
2027	50
2027	121
2027	234
2028	2
2028	131
2028	326
2029	2
2029	8
2029	30
2029	77
2029	127
2030	64
2030	111
2030	127
2031	29
2031	79
2031	179
2032	8
2032	24
2032	222
2033	31
2033	32
2033	34
2033	210
2034	8
2034	23
2034	43
2034	74
2035	2
2035	80
2035	120
2036	19
2036	22
2036	106
2037	2
2037	26
2037	39
2038	69
2038	86
2038	147
2038	209
2038	327
2039	8
2039	236
2040	48
2040	162
2041	57
2041	98
2041	274
2041	293
2042	6
2042	55
2042	62
2042	142
2043	8
2043	72
2043	253
2044	1
2044	2
2044	70
2044	100
2044	229
2045	15
2045	46
2045	47
2045	211
2045	322
2046	8
2046	28
2046	69
2046	72
2047	47
2047	308
2048	14
2048	22
2048	28
2048	143
2049	47
2049	211
2050	69
2050	137
2051	14
2051	19
2051	59
2051	277
2052	2
2052	133
2052	176
2053	6
2053	34
2053	284
2054	47
2054	112
2054	213
2055	13
2055	16
2055	30
2055	47
2055	123
2056	66
2056	170
2057	55
2057	244
2058	66
2058	98
2058	114
2059	14
2059	49
2059	127
2059	146
2060	56
2060	62
2060	65
2061	2
2061	275
2062	4
2062	28
2062	31
2062	139
2063	7
2063	123
2063	147
2063	302
2064	2
2064	14
2064	132
2064	246
2065	1
2065	2
2065	8
2065	14
2065	28
2066	93
2066	105
2066	179
2067	2
2067	39
2067	146
2068	2
2068	8
2068	77
2068	131
2069	27
2069	72
2070	2
2070	69
2070	137
2071	6
2071	62
2071	98
2071	213
2072	6
2072	55
2072	198
2072	315
2073	8
2073	22
2073	70
2073	72
2074	5
2074	6
2074	55
2074	315
2075	30
2075	228
2076	7
2076	46
2077	6
2077	32
2077	34
2078	2
2078	132
2078	268
2079	14
2079	93
2079	110
2080	2
2080	14
2080	324
2081	6
2081	19
2081	55
2081	261
2081	328
2082	36
2082	65
2082	112
2082	316
2083	28
2083	210
2084	31
2084	210
2084	262
2085	2
2085	8
2085	77
2086	27
2086	47
2086	77
2086	200
2087	55
2087	61
2088	9
2088	14
2088	43
2088	72
2088	275
2089	121
2089	160
2089	210
2090	14
2090	22
2090	93
2090	110
2091	2
2091	138
2091	174
2091	206
2092	2
2092	8
2092	37
2092	73
2093	17
2093	98
2093	142
2094	19
2094	164
2094	277
2095	28
2095	98
2096	136
2096	174
2096	175
2097	47
2097	50
2098	2
2098	6
2098	8
2098	34
2098	55
2099	30
2099	66
2100	14
2100	40
2100	51
2101	13
2101	30
2101	179
2101	238
2102	30
2102	96
2102	102
2102	192
2103	14
2103	28
2103	86
2103	111
2104	2
2104	133
2104	329
2105	8
2105	25
2105	72
2105	87
2106	6
2106	55
2106	69
2106	199
2107	44
2107	85
2107	145
2108	47
2108	112
2109	2
2109	145
2109	215
2110	22
2110	24
2110	28
2110	47
2110	209
2111	7
2111	121
2111	210
2112	30
2112	102
2112	158
2113	2
2113	120
2113	145
2114	2
2114	105
2114	306
2115	14
2115	47
2115	57
2115	164
2116	6
2116	55
2116	181
2117	14
2117	30
2117	147
2118	6
2118	13
2118	47
2118	246
2119	19
2119	30
2119	88
2120	8
2120	14
2120	28
2121	8
2121	37
2121	39
2121	180
2121	215
2122	72
2122	133
2123	123
2123	132
2123	206
2123	246
2123	319
2124	2
2124	14
2124	167
2124	217
2125	14
2125	264
2126	38
2126	58
2126	93
2126	104
2127	14
2127	40
2127	151
2128	2
2128	14
2128	26
2128	140
2129	6
2129	12
2129	55
2129	62
2130	14
2130	19
2130	47
2130	164
2131	38
2131	47
2131	48
2131	56
2131	154
2132	6
2132	12
2132	78
2133	2
2133	8
2133	28
2133	152
2134	9
2134	86
2134	113
2135	6
2135	31
2135	32
2135	34
2135	199
2136	117
2136	165
2136	197
2137	5
2137	7
2137	19
2137	22
2137	115
2138	115
2138	157
2139	38
2139	170
2139	214
2140	33
2140	65
2141	9
2141	24
2141	103
2141	106
2142	6
2142	55
2142	60
2142	98
2143	22
2143	91
2144	13
2144	117
2144	123
2144	165
2144	202
2145	2
2145	30
2145	33
2145	151
2146	14
2146	27
2146	30
2146	151
2147	6
2147	43
2148	7
2148	9
2148	14
2148	23
2149	30
2149	102
2149	125
2150	2
2150	93
2150	120
2150	307
2151	11
2151	121
2152	6
2152	38
2152	55
2153	2
2153	8
2153	14
2154	15
2154	47
2154	308
2155	6
2155	198
2156	25
2156	38
2156	58
2156	216
2157	30
2157	72
2158	47
2158	123
2158	149
2158	277
2159	22
2159	72
2159	90
2160	30
2160	56
2160	277
2161	125
2161	135
2161	330
2162	8
2162	30
2162	179
2163	22
2163	65
2163	107
2164	2
2164	100
2164	137
2165	2
2165	28
2165	297
2165	304
2166	19
2166	88
2167	8
2167	34
2167	86
2168	6
2168	11
2169	40
2169	78
2170	111
2170	133
2171	2
2171	108
2171	131
2171	249
2172	1
2172	2
2172	331
2173	8
2173	31
2173	155
2174	19
2174	30
2174	277
2175	22
2175	24
2175	46
2176	2
2176	6
2176	114
2176	316
2177	14
2177	47
2177	114
2178	101
2178	274
2179	74
2179	133
2179	287
2180	7
2180	72
2181	30
2181	69
2181	85
2182	30
2182	85
2183	2
2183	14
2183	15
2183	32
2183	47
2184	31
2184	32
2184	34
2185	22
2185	125
2185	139
2185	171
2185	253
2186	14
2186	22
2186	30
2187	47
2187	246
2187	319
2188	48
2188	56
2188	62
2188	217
2189	30
2189	69
2189	77
2190	30
2190	69
2190	77
2190	105
2191	6
2191	61
2191	116
2192	106
2192	232
2193	22
2193	115
2193	161
2193	253
2194	24
2194	107
2194	113
2195	6
2195	55
2195	61
2195	62
2196	22
2196	70
2196	77
2196	229
2197	7
2197	14
2197	22
2197	23
2197	72
2198	6
2198	98
2198	164
2199	28
2199	38
2199	86
2199	164
2200	19
2200	170
2201	2
2201	47
2201	133
2201	170
2202	6
2202	24
2202	98
2203	6
2203	24
2203	60
2204	65
2204	67
2204	112
2205	6
2205	99
2205	163
2206	6
2206	8
2206	40
2206	78
2207	5
2207	213
2207	256
2208	8
2208	14
2208	72
2209	14
2209	30
2209	47
2210	2
2210	29
2210	268
2211	8
2211	28
2211	105
2212	72
2212	77
2213	133
2213	142
2213	330
2214	14
2214	40
2214	72
2214	123
2214	162
2215	5
2215	6
2215	19
2215	114
2216	120
2216	128
2216	132
2217	13
2217	117
2217	204
2218	5
2218	36
2218	142
2218	322
2219	2
2219	49
2219	86
2220	2
2220	26
2220	30
2220	179
2221	78
2221	142
2221	332
2222	38
2222	105
2222	142
2223	47
2223	87
2223	147
2224	8
2224	14
2224	47
2224	250
2225	13
2225	47
2225	302
2226	1
2226	2
2226	39
2227	56
2227	123
2227	246
2227	302
2228	332
2229	6
2229	14
2229	114
2230	14
2230	27
2230	44
2230	47
2230	111
2231	149
2231	308
2232	333
2233	14
2233	40
2233	192
2234	5
2234	38
2234	133
2235	8
2235	25
2236	69
2236	77
2236	133
2237	100
2237	137
2238	8
2238	23
2238	25
2238	38
2238	133
2239	2
2239	29
2239	63
2239	167
2239	311
2240	5
2240	6
2240	85
2240	106
2240	107
2241	48
2241	78
2242	98
2242	113
2242	126
2242	158
2243	2
2243	96
2243	306
2244	87
2244	246
2245	69
2245	121
2246	2
2246	9
2246	105
2246	275
2247	160
2247	209
2248	2
2248	95
2248	128
2249	2
2249	8
2249	37
2249	253
2250	19
2250	167
2250	311
2250	317
2251	14
2251	85
2252	14
2252	27
2252	30
2252	47
2252	123
2253	6
2253	55
2253	62
2253	98
2254	14
2254	22
2254	46
2254	167
2254	173
2255	13
2255	17
2255	47
2255	155
2256	2
2256	163
2256	207
2257	14
2257	253
2258	8
2258	14
2258	30
2258	88
2259	2
2259	14
2259	79
2260	2
2260	14
2260	119
2261	13
2261	17
2261	84
2262	14
2262	119
2263	2
2263	14
2263	26
2263	39
2264	106
2264	107
2264	146
2265	8
2265	14
2265	30
2265	44
2265	146
2266	30
2266	96
2267	1
2267	2
2267	152
2268	1
2268	2
2268	14
2268	177
2269	19
2269	56
2269	213
2270	2
2270	28
2270	95
2271	30
2271	31
2271	33
2272	40
2272	105
2272	109
2272	151
2272	162
2273	2
2273	14
2273	39
2274	1
2274	2
2274	8
2274	178
2275	6
2275	24
2275	55
2275	198
2276	8
2276	49
2277	6
2277	210
2278	4
2278	6
2278	46
2279	40
2279	87
2280	5
2280	6
2280	36
2281	15
2281	47
2281	204
2281	308
2282	8
2282	45
2282	121
2283	33
2283	298
2283	319
2284	22
2284	77
2284	139
2285	72
2285	135
2285	137
2286	13
2286	14
2286	18
2287	47
2287	123
2287	195
2288	31
2288	235
2289	8
2289	143
2289	253
2290	24
2290	121
2290	129
2291	15
2291	27
2291	47
2291	59
2292	38
2292	58
2292	86
2293	19
2293	58
2293	66
2293	98
2293	167
2294	24
2294	69
2294	86
2295	5
2295	6
2295	115
2296	14
2296	72
2296	146
2297	5
2297	14
2297	22
2297	121
2298	14
2298	77
2299	2
2299	24
2299	27
2299	38
2300	40
2300	44
2300	334
2301	8
2301	14
2301	22
2301	46
2301	245
2302	14
2302	80
2302	114
2302	147
2303	8
2303	38
2303	334
2304	25
2304	235
2305	48
2305	55
2305	56
2306	1
2306	120
2306	202
2307	8
2307	78
2307	107
2308	47
2308	246
2308	250
2309	23
2309	110
2309	161
2310	109
2311	27
2311	78
2312	57
2312	105
2312	128
2313	11
2313	12
2313	27
2313	47
2313	123
2314	34
2314	35
2314	72
2315	6
2315	55
2315	56
2315	154
2316	24
2316	209
2317	11
2317	30
2317	275
2318	2
2318	23
2318	110
2318	137
2318	264
2319	2
2319	95
2319	132
2320	49
2320	77
2320	127
2320	138
2320	324
2321	34
2321	121
2321	160
2321	209
2322	38
2322	105
2323	1
2323	2
2323	14
2324	38
2324	55
2324	274
2325	2
2325	35
2325	179
2326	24
2326	27
2326	123
2326	192
2327	25
2327	30
2327	102
2328	22
2328	24
2328	103
2328	121
2329	169
2330	25
2330	48
2330	56
2331	31
2331	258
2332	47
2332	189
2333	7
2333	30
2333	72
2333	121
2334	6
2334	24
2334	106
2334	199
2335	6
2335	98
2335	259
2336	8
2336	111
2336	123
2337	40
2337	56
2337	126
2338	14
2338	40
2338	72
2339	15
2339	47
2339	56
2339	123
2339	154
2340	9
2340	24
2340	121
2340	160
2341	19
2341	48
2341	154
2342	38
2342	40
2342	144
2343	13
2343	19
2343	47
2344	1
2344	2
2344	8
2344	28
2344	229
2345	11
2345	12
2345	31
2345	262
2346	9
2346	40
2346	79
2346	128
2347	17
2347	18
2347	209
2347	210
2348	8
2348	14
2348	69
2348	173
2348	253
2349	47
2349	123
2349	154
2349	319
2350	13
2350	47
2350	121
2350	210
2351	19
2351	64
2352	22
2352	31
2352	43
2352	121
2353	14
2353	69
2353	128
2354	8
2354	9
2354	220
2355	133
2355	167
2356	133
2356	221
2357	47
2357	123
2357	124
2357	246
2358	125
2358	145
2358	147
2359	54
2359	78
2360	5
2360	6
2360	55
2361	123
2361	302
2361	307
2362	13
2362	15
2362	149
2362	193
2363	24
2363	25
2363	47
2363	48
2364	5
2364	161
2365	15
2365	34
2365	47
2365	123
2365	246
2366	5
2366	22
2366	28
2366	173
2367	1
2367	2
2367	28
2367	324
2368	33
2368	179
2369	133
2369	142
2370	14
2370	22
2370	123
2370	246
2370	319
2371	14
2371	23
2371	110
2371	163
2371	169
2372	29
2372	40
2372	127
2373	215
2373	335
2374	5
2374	6
2374	55
2374	106
2374	107
2375	69
2375	77
2375	210
2376	5
2376	121
2376	209
2377	32
2377	47
2377	123
2377	319
2378	2
2378	120
2378	336
2379	13
2379	14
2379	47
2379	151
2379	277
2380	2
2380	78
2380	120
2380	151
2380	251
2381	30
2381	40
2381	78
2382	40
2382	78
2382	112
2382	192
2383	25
2383	94
2383	228
2384	14
2384	19
2384	25
2384	28
2384	98
2385	7
2385	14
2385	22
2385	24
2385	35
2386	14
2386	22
2386	123
2386	302
2387	14
2387	28
2387	79
2388	33
2388	40
2388	59
2388	277
2389	40
2389	133
2390	30
2390	86
2390	302
2391	2
2391	14
2391	28
2391	131
2392	2
2392	28
2392	40
2392	54
2392	146
2393	33
2393	192
2394	4
2394	22
2394	23
2395	13
2395	102
2396	2
2396	14
2396	47
2396	119
2397	14
2397	46
2398	22
2398	85
2398	133
2399	28
2399	241
2400	17
2400	142
2400	191
2401	24
2401	115
2401	139
2402	14
2402	28
2402	105
2402	123
2402	202
2403	2
2403	37
2403	120
2403	229
2403	264
2404	9
2404	24
2404	121
2405	27
2405	111
2406	2
2406	337
2407	27
2407	34
2407	47
2408	30
2408	105
2408	228
2409	2
2409	14
2409	126
2409	338
2410	2
2410	14
2410	137
2411	31
2411	235
2411	237
2412	38
2412	58
2412	216
2413	125
2413	127
2413	157
2414	96
2414	102
2414	105
2415	2
2415	7
2415	153
2415	321
2416	2
2416	14
2416	28
2416	47
2416	182
2417	2
2417	82
2418	14
2418	69
2418	70
2418	77
2419	2
2419	80
2419	120
2419	182
2420	106
2420	173
2420	218
2421	2
2421	26
2421	38
2421	133
2422	4
2422	6
2422	31
2422	34
2422	38
2423	13
2423	31
2423	237
2424	2
2424	69
2424	338
2425	14
2425	68
2425	136
2425	186
2426	25
2426	55
2426	216
2427	2
2427	339
2428	2
2428	100
2429	123
2429	204
2430	25
2430	94
2430	142
2431	121
2431	142
2432	6
2432	55
2432	61
2433	2
2433	277
2434	1
2434	22
2434	139
2435	7
2435	23
2435	121
2435	210
2436	5
2436	6
2436	22
2437	30
2437	87
2437	121
2438	52
2438	125
2438	135
2439	2
2439	14
2439	72
2439	82
2440	2
2440	14
2440	179
2441	2
2441	14
2441	126
2442	2
2442	26
2442	201
2443	2
2443	26
2443	30
2444	2
2444	14
2444	47
2445	5
2445	27
2445	47
2445	277
2446	2
2446	340
2447	24
2447	147
2447	258
2448	48
2448	137
2449	2
2449	181
2450	39
2450	120
2450	268
2450	336
2451	2
2451	120
2451	201
2452	12
2452	78
2452	230
2453	11
2453	14
2453	31
2453	262
2454	47
2454	105
2454	123
2454	302
2455	2
2455	49
2455	95
2455	202
2456	11
2456	47
2456	69
2456	70
2457	14
2457	27
2457	47
2457	49
2457	123
2458	297
2459	6
2459	9
2459	36
2460	2
2460	56
2461	2
2461	30
2461	87
2462	6
2462	46
2462	55
2463	23
2463	40
2463	111
2463	133
2464	2
2464	14
2464	23
2464	264
2464	277
2465	2
2465	8
2465	14
2465	82
2466	26
2466	29
2466	131
2466	138
2467	5
2467	133
2468	2
2468	133
2468	184
2469	4
2469	5
2469	9
2469	22
2470	28
2470	45
2470	121
2470	224
2470	284
2471	2
2471	206
2471	207
2472	7
2472	44
2472	146
2473	28
2473	40
2473	44
2474	47
2474	169
2474	308
2475	14
2475	22
2475	283
2476	13
2476	15
2476	123
2476	204
2477	2
2477	98
2477	114
2477	126
2478	5
2478	14
2478	22
2478	84
2479	2
2479	30
2479	74
2480	2
2480	5
2480	126
2480	208
2481	19
2481	22
2481	30
2481	43
2481	246
2482	5
2482	6
2482	22
2482	55
2482	198
2483	26
2483	38
2483	133
2484	15
2484	18
2484	47
2484	124
2485	2
2485	26
2485	30
2485	127
2486	6
2486	53
2486	98
2487	38
2487	52
2487	58
2487	148
2487	225
2488	8
2488	22
2488	30
2488	33
2488	40
2489	30
2489	38
2489	58
2489	96
2489	274
2490	2
2490	72
2490	137
2491	46
2491	47
2491	192
2492	22
2492	36
2492	192
2492	264
2493	22
2493	123
2493	283
2494	22
2494	77
2494	133
2494	173
2495	6
2495	55
2495	213
2496	15
2496	19
2496	47
2497	2
2497	28
2497	206
2497	281
2498	237
2498	302
2499	6
2499	98
2499	191
2500	43
2500	146
2500	192
2501	38
2501	145
2501	274
2502	22
2502	47
2502	246
2503	40
2503	127
2503	176
2503	215
2504	142
2504	277
2505	24
2505	50
2505	121
2505	192
2506	19
2506	47
2506	164
2507	85
2507	112
2507	198
2507	213
2508	6
2508	113
2508	198
2508	213
2509	24
2509	121
2509	192
2510	26
2510	69
2510	133
2511	2
2511	24
2511	31
2511	192
2512	14
2512	15
2512	123
2512	301
2513	24
2513	121
2513	192
2513	210
2513	262
2514	6
2514	43
2514	69
2515	25
2515	38
2515	78
2515	147
2516	4
2516	14
2516	22
2516	23
2516	161
2517	121
2517	209
2517	258
2518	14
2518	24
2518	160
2519	6
2519	31
2519	162
2520	6
2520	13
2521	41
2521	317
2522	24
2522	90
2522	125
2523	78
2523	151
2524	121
2524	258
2525	30
2525	78
2526	14
2526	15
2526	50
2526	59
2526	87
2527	14
2527	87
2527	210
2528	44
2528	78
2528	179
2529	12
2529	46
2529	210
2530	4
2530	24
2530	160
2531	246
2531	278
2532	192
2532	321
2533	48
2533	55
2533	56
2533	154
2534	138
2534	207
2535	4
2535	6
2535	24
2535	53
2536	8
2536	275
2537	38
2537	58
2537	93
2537	156
2538	25
2538	47
2538	112
2538	159
2539	14
2539	197
2540	14
2540	165
2541	13
2541	30
2541	41
2541	192
2542	50
2542	52
2542	105
2542	120
2542	147
2543	278
2544	215
2544	223
2545	121
2545	210
2545	284
2546	14
2546	27
2547	2
2547	47
2547	151
2548	6
2548	55
2548	98
2548	255
2549	47
2549	200
2549	246
2550	24
2550	128
2550	192
2550	264
2551	49
2551	128
2552	2
2552	9
2552	28
2553	19
2553	56
2553	192
2553	278
2554	13
2554	47
2554	84
2555	6
2555	164
2555	225
2556	47
2556	121
2556	164
2556	192
2557	24
2557	151
2558	31
2558	32
2558	48
2558	56
2558	210
2559	2
2559	28
2559	31
2559	32
2559	341
2560	25
2560	94
2561	56
2561	94
2561	280
2562	31
2562	32
2562	141
2562	276
2563	52
2563	121
2563	133
2563	192
2563	225
2564	6
2564	22
2564	55
2564	62
2565	121
2565	128
2565	192
2566	2
2566	30
2566	146
2567	27
2567	44
2567	220
2567	277
2567	285
2568	2
2568	49
2568	136
2569	14
2569	123
2569	301
2570	31
2570	32
2570	121
2570	342
2571	7
2571	14
2571	146
2572	6
2572	24
2572	163
2572	192
2573	5
2573	8
2574	67
2574	215
2575	8
2575	44
2575	304
2576	5
2576	15
2576	45
2576	47
2576	224
2577	14
2577	123
2577	146
2577	278
2578	121
2578	192
2578	210
2579	19
2579	154
2580	8
2580	14
2580	24
2580	40
2581	34
2581	121
2581	192
2582	46
2582	231
2583	22
2583	121
2583	218
2584	14
2584	30
2584	268
2585	22
2585	31
2585	115
2585	121
2586	336
2587	22
2587	121
2587	343
2588	146
2588	181
2589	13
2589	14
2589	15
2589	30
2589	121
2590	6
2590	55
2590	198
2591	30
2591	78
2591	112
2592	28
2592	30
2592	133
2593	2
2593	37
2593	119
2593	120
2593	323
2594	87
2594	112
2595	2
2595	23
2595	69
2595	133
2596	2
2596	28
2596	100
2596	179
2597	107
2597	114
2598	67
2598	192
2599	2
2599	14
2599	63
2600	38
2600	286
2601	38
2601	48
2601	56
2601	154
2602	38
2602	105
2602	342
2603	38
2603	56
2603	209
2604	210
2604	343
2605	47
2605	100
2605	123
2606	14
2606	33
2606	215
2606	277
2607	14
2607	24
2607	46
2607	278
2608	47
2608	78
2608	328
2609	72
2609	137
2609	162
2610	341
2611	8
2611	10
2611	127
2611	268
2612	133
2612	170
2613	47
2613	200
2614	38
2614	48
2614	55
2614	56
2614	209
2615	2
2615	8
2615	26
2615	28
2615	215
2616	77
2616	268
2617	13
2617	192
2617	238
2618	2
2618	4
2618	99
2618	100
2618	137
2619	26
2619	138
2620	121
2620	192
2620	209
2620	210
2621	48
2621	146
2622	1
2622	2
2622	30
2623	15
2623	31
2623	32
2623	48
2623	170
2624	2
2624	20
2624	33
2625	5
2625	25
2625	107
2625	284
2626	2
2626	13
2626	306
2627	56
2627	277
2628	55
2628	78
2628	154
2628	216
2628	274
2629	24
2629	133
2629	231
2630	24
2630	121
2630	258
2631	24
2631	86
2631	163
2631	296
2632	47
2632	57
2632	250
2633	5
2633	98
2634	48
2634	66
2634	344
2635	14
2635	31
2635	47
2635	123
2636	24
2636	36
2636	121
2637	43
2637	127
2637	133
2638	106
2638	125
2638	147
2638	246
2639	23
2639	31
2640	55
2640	255
2641	2
2641	7
2641	23
2642	15
2642	47
2642	204
2642	246
2643	2
2643	14
2643	37
2644	33
2644	121
2644	192
2645	100
2645	132
2646	2
2646	179
2646	206
2647	216
2647	270
2647	274
2647	345
2648	20
2648	164
2649	24
2649	121
2649	192
2649	209
2650	38
2650	121
2650	209
2650	258
2651	8
2651	14
2651	146
2651	179
2652	61
2652	96
2653	8
2653	44
2653	79
2653	127
2654	38
2654	157
2655	121
2655	192
2655	209
2656	19
2656	106
2656	167
2657	13
2657	15
2657	47
2657	59
2658	8
2658	179
2659	56
2659	98
2659	113
2660	2
2660	30
2660	179
2660	341
2661	121
2661	192
2662	22
2662	24
2662	69
2662	160
2663	123
2663	146
2664	40
2664	43
2664	69
2664	77
2664	87
2665	13
2665	15
2665	47
2665	246
2666	22
2666	105
2666	309
2667	14
2667	47
2667	156
2668	22
2668	27
2668	162
2668	245
2669	2
2669	14
2669	47
2669	137
2669	146
2670	19
2670	56
2670	277
2671	14
2671	123
2671	192
2672	48
2672	154
2672	277
2673	31
2673	121
2673	210
2673	284
2674	14
2674	22
2674	47
2675	15
2675	47
2675	246
2675	308
2676	22
2676	246
2677	1
2677	2
2677	40
2678	27
2678	72
2678	201
2679	7
2679	210
2679	237
2680	9
2680	22
2681	27
2681	47
2681	98
2682	6
2682	55
2682	259
2683	2
2683	108
2683	131
2683	306
2684	22
2684	112
2684	213
2685	5
2685	22
2685	161
2686	38
2686	48
2686	210
2687	14
2687	47
2687	123
2687	246
2687	298
2688	38
2688	48
2689	17
2689	18
2689	170
2689	204
2690	14
2690	123
2690	319
2691	13
2691	266
2691	341
2691	346
2692	38
2692	259
2693	6
2693	22
2693	198
2694	30
2694	328
2695	38
2695	98
2695	330
2696	5
2696	28
2696	112
2696	213
2697	14
2697	20
2697	41
2697	105
2697	155
2698	8
2698	44
2698	72
2698	207
2699	27
2699	44
2699	201
2700	27
2700	44
2701	22
2701	35
2701	144
2701	173
2701	347
2702	22
2702	35
2702	173
2702	348
2702	349
2703	47
2703	192
2704	25
2704	209
2704	350
2705	58
2705	216
2706	8
2706	14
2706	49
2707	14
2707	28
2707	33
2707	92
2707	154
2708	14
2708	22
2708	47
2708	146
2709	25
2709	38
2709	48
2709	274
2710	38
2710	48
2710	209
2710	216
2710	274
2711	38
2711	48
2711	159
2711	209
2711	216
2712	6
2712	12
2712	55
2712	98
2713	38
2713	48
2713	209
2713	216
2714	78
2714	106
2715	2
2715	26
2715	215
2716	40
2716	72
2716	87
2717	15
2717	38
2717	48
2717	170
2717	209
2718	2
2718	33
2718	40
2718	49
2719	30
2719	78
2719	96
2719	102
2720	9
2720	100
2721	8
2721	196
2722	24
2722	93
2723	36
2723	222
2723	252
2724	1
2724	2
2724	47
2724	123
2725	26
2725	27
2725	65
2725	72
2725	220
2726	133
2726	317
2727	14
2727	44
2727	123
2727	162
2728	14
2728	218
2729	24
2729	46
2730	38
2730	106
2730	146
2730	147
2731	8
2731	31
2731	72
2732	5
2732	6
2732	55
2732	222
2733	111
2733	163
2733	192
2733	334
2734	14
2734	40
2734	123
2735	2
2735	206
2735	305
2736	2
2736	28
2736	95
2736	108
2737	102
2737	231
2738	41
2738	142
2739	47
2739	84
2739	209
2740	24
2740	28
2740	121
2740	222
2741	48
2741	98
2741	274
2742	72
2742	111
2743	31
2743	34
2744	31
2744	192
2745	31
2745	32
2745	133
2746	31
2746	32
2746	56
2747	56
2747	92
2747	133
2747	154
2748	22
2748	146
2748	245
2749	123
2749	301
2750	40
2750	109
2750	163
2750	215
2750	321
2751	4
2751	8
2751	99
2752	20
2752	277
2752	278
2753	13
2753	17
2753	20
2754	40
2754	109
2754	127
2755	48
2755	56
2755	92
2755	154
2755	210
2756	22
2756	130
2756	171
2756	283
2756	351
2757	22
2757	48
2757	69
2758	72
2758	163
2759	14
2759	47
2759	284
2760	34
2760	302
2761	5
2761	14
2761	147
2761	249
2762	19
2762	47
2762	114
2763	5
2763	57
2764	133
2764	171
2765	2
2765	28
2765	151
2765	208
2766	22
2766	84
2766	307
2767	2
2767	8
2767	184
2768	22
2768	28
2768	57
2768	167
2768	352
2769	16
2769	100
2769	302
2770	38
2770	57
2770	93
2770	353
2771	12
2771	121
2771	155
2772	6
2772	22
2772	55
2772	160
2772	224
2773	8
2773	22
2773	257
2774	13
2774	15
2774	47
2774	307
2775	6
2775	55
2775	56
2776	5
2776	57
2776	115
2776	245
2777	47
2777	237
2778	2
2778	14
2778	37
2778	179
2778	239
2779	47
2779	54
2780	31
2780	32
2780	48
2780	98
2781	22
2781	28
2781	210
2781	237
2782	2
2782	9
2782	40
2782	100
2783	31
2783	129
2784	20
2784	47
2784	302
2785	48
2785	56
2785	154
2785	209
2786	2
2786	126
2786	203
2787	31
2787	32
2787	34
2787	48
2787	210
2788	6
2788	38
2788	147
2789	6
2789	12
2789	38
2790	2
2790	26
2790	146
2791	6
2791	55
2791	98
2791	106
2792	1
2792	2
2792	179
2792	288
2793	86
2793	147
2793	341
2794	8
2794	78
2794	250
2795	2
2795	14
2795	73
2795	179
2796	167
2796	217
2796	354
2797	2
2797	28
2797	207
2798	6
2798	19
2798	112
2798	213
2799	48
2799	55
2799	56
2799	213
2800	86
2800	341
2801	2
2801	28
2801	111
2801	177
2802	6
2802	24
2802	36
2802	55
2803	13
2803	24
2803	47
2803	48
2803	246
2804	47
2804	56
2804	210
2805	5
2805	6
2805	22
2805	55
2806	121
2806	220
2807	35
2807	69
2807	179
2808	14
2808	146
2808	163
2808	179
2809	94
2809	228
2810	5
2810	6
2810	38
2810	107
2810	341
2811	11
2811	28
2811	318
2812	121
2812	160
2812	222
2812	224
2813	14
2813	27
2813	121
2813	146
2814	69
2814	121
2814	209
2815	6
2815	12
2815	113
2816	2
2816	44
2816	95
2817	2
2817	31
2817	38
2817	40
2817	154
2818	38
2818	216
2819	7
2819	23
2819	48
2819	229
2820	6
2820	19
2820	55
2820	56
2820	107
2821	6
2821	55
2821	56
2821	216
2822	15
2822	117
2822	142
2823	209
2823	224
2824	138
2825	174
2826	5
2826	14
2826	47
2826	181
2826	341
2827	8
2827	14
2827	72
2827	111
2827	123
2828	55
2828	56
2828	98
2828	259
2829	27
2829	246
2830	192
2830	278
2831	14
2831	34
2831	48
2832	27
2832	123
2832	301
2833	48
2833	64
2834	8
2834	22
2834	40
2834	106
2835	22
2835	24
2835	84
2836	7
2836	102
2836	133
2837	250
2837	332
2838	33
2838	78
2838	96
2838	112
2838	208
2839	8
2839	14
2839	268
2840	25
2840	38
2840	55
2840	56
2840	355
2841	14
2841	27
2841	47
2841	192
2841	278
2842	86
2842	163
2843	55
2843	65
2843	98
2843	355
2844	31
2844	121
2845	7
2845	23
2845	47
2846	356
2847	6
2847	36
2847	322
2848	55
2848	135
2849	14
2849	30
2849	40
2849	121
2849	192
2850	25
2850	55
2850	56
2850	154
2850	355
2851	24
2851	81
2852	55
2852	61
2852	98
2853	5
2853	289
2854	55
2854	56
2854	107
2854	216
2855	6
2855	62
2855	98
2855	142
2855	213
2856	22
2856	192
2857	2
2857	26
2857	39
2857	64
2858	2
2858	19
2858	156
2859	121
2859	173
2859	210
2860	14
2860	28
2860	30
2860	40
2860	87
2861	19
2861	65
2861	113
2862	20
2862	55
2862	56
2862	65
2863	55
2863	56
2863	60
2863	98
2863	154
2864	2
2864	8
2864	30
2864	126
2865	24
2865	121
2865	160
2866	8
2866	11
2866	27
2866	31
2866	235
2867	121
2867	133
2868	24
2868	192
2869	2
2869	12
2869	155
2870	6
2870	55
2870	98
2870	107
2870	255
2871	6
2871	55
2871	107
2872	15
2872	27
2872	45
2872	47
2873	2
2873	23
2873	174
2874	12
2874	38
2874	262
2875	2
2875	28
2875	108
2876	186
2877	94
2877	238
2878	40
2878	215
2879	47
2879	123
2879	204
2879	246
2880	6
2880	55
2880	98
2880	107
2881	13
2881	17
2881	41
2882	30
2882	33
2882	216
2883	30
2883	41
2883	105
2884	31
2884	121
2884	190
2884	209
2885	154
2885	210
2886	47
2886	48
2887	2
2887	47
2887	48
2887	170
2888	22
2888	40
2888	44
2888	47
2889	2
2889	37
2889	203
2890	2
2890	233
2890	240
2891	38
2891	47
2891	157
2892	22
2892	84
2892	170
2893	2
2893	26
2893	133
2893	251
2894	6
2894	98
2894	293
2895	31
2895	38
2895	155
2896	14
2896	15
2896	27
2896	31
2896	47
2897	2
2897	37
2897	69
2897	162
2898	17
2898	357
2899	30
2899	56
2899	179
2899	275
2900	57
2900	167
2900	352
2901	6
2901	38
2901	55
2901	191
2902	28
2902	56
2902	84
2903	30
2903	33
2903	41
2903	72
2903	192
2904	47
2904	133
2904	179
2905	2
2905	48
2905	138
2906	47
2906	114
2906	246
2906	277
2906	278
2907	4
2907	8
2907	34
2907	99
2908	160
2908	179
2909	3
2909	56
2910	2
2910	110
2910	180
2911	6
2911	55
2911	57
2911	167
2911	293
2912	198
2912	284
2912	329
2913	111
2913	123
2913	192
2914	27
2914	30
2914	47
2914	179
2915	2
2915	38
2915	178
2916	111
2916	241
2916	338
2917	47
2917	124
2917	197
2917	246
2917	308
2918	8
2918	22
2918	23
2918	47
2919	8
2919	12
2919	71
2919	275
2920	5
2920	8
2920	14
2920	44
2920	143
2921	5
2921	6
2921	55
2921	224
2921	255
2922	23
2922	128
2923	38
2923	47
2923	57
2924	56
2924	58
2925	2
2925	8
2925	28
2925	49
2926	38
2926	47
2926	56
2926	154
2926	246
2927	78
2927	341
2928	8
2928	28
2928	38
2928	151
2929	325
2929	341
2930	56
2930	154
2930	246
2931	6
2931	55
2931	62
2931	98
2931	255
2932	6
2932	55
2932	61
2932	98
2932	255
2933	325
2934	6
2934	55
2934	62
2934	255
2935	6
2935	55
2935	56
2935	98
2935	320
2936	13
2936	17
2936	248
2936	278
2937	40
2937	78
2937	113
2937	162
2937	213
2938	22
2938	25
2938	112
2938	139
2938	235
2939	47
2939	124
2939	197
2939	358
2940	12
2940	230
2941	4
2941	22
2941	24
2941	265
2942	2
2942	29
2942	202
2942	250
2943	170
2943	277
2944	98
2944	107
2944	164
2945	55
2945	164
2945	167
2946	123
2946	307
2947	8
2947	162
2947	210
2948	139
2949	105
2949	207
2950	14
2950	48
2950	159
2950	210
2951	25
2951	55
2951	98
2951	154
2951	216
2952	6
2952	55
2952	164
2953	33
2953	40
2953	121
2953	192
2954	259
2954	320
2955	50
2955	121
2955	127
2955	210
2956	13
2956	14
2956	118
2956	123
2957	139
2957	192
2958	2
2958	30
2958	341
2959	31
2959	121
2959	160
2959	209
2960	2
2960	329
2961	33
2961	96
2962	81
2962	151
2962	179
2963	7
2963	11
2963	27
2963	31
2963	40
2964	6
2964	65
2965	56
2965	114
2966	14
2966	19
2966	40
2967	29
2967	47
2968	50
2968	121
2968	209
2968	210
2968	224
2969	14
2969	27
2969	179
2970	14
2970	47
2970	237
2971	2
2971	38
2971	111
2971	168
2971	282
2972	48
2972	320
2973	210
2973	309
2974	14
2974	99
2974	123
2974	275
2975	1
2975	2
2975	133
2976	22
2976	139
2976	171
2976	309
2977	1
2977	2
2977	95
2977	136
2978	27
2978	47
2978	112
2979	14
2979	22
2979	27
2979	161
2980	2
2980	48
2980	120
2981	8
2981	174
2982	6
2982	55
2982	106
2982	142
2982	213
2983	17
2983	55
2984	55
2984	60
2984	98
2984	259
2985	47
2985	48
2985	154
2985	246
2986	11
2986	262
2987	6
2987	8
2987	114
2988	5
2988	27
2988	123
2989	69
2989	142
2990	5
2990	23
2990	47
2990	123
2990	161
2991	155
2991	234
2992	2
2992	100
2992	137
2992	359
2993	13
2993	47
2993	123
2993	319
2994	7
2994	210
2995	2
2995	105
2995	137
2996	34
2996	38
2996	109
2996	147
2997	32
2997	123
2998	98
2998	126
2998	191
2999	2
2999	14
2999	27
3000	30
3000	121
3000	179
3001	2
3001	179
3001	305
3002	1
3002	27
3003	2
3003	73
3003	77
3003	131
3004	6
3004	55
3004	62
3004	259
3005	57
3005	209
3006	2
3006	48
3006	146
3007	37
3007	69
3008	14
3008	17
3008	123
3008	204
3008	277
3009	5
3009	6
3009	224
3009	315
3010	55
3010	56
3010	107
3010	167
3011	56
3011	278
3012	56
3012	107
3013	38
3013	55
3013	259
3013	360
3014	1
3014	32
3014	38
3014	48
3014	311
3015	15
3015	48
3015	354
3016	31
3016	32
3016	55
3016	57
3016	213
3017	14
3017	36
3017	111
3017	156
3017	361
3018	24
3018	147
3018	209
3019	50
3019	53
3019	133
3020	98
3020	213
3020	256
3021	32
3021	48
3021	98
3021	213
3021	256
3022	48
3022	98
3022	213
3022	256
3023	48
3023	210
3023	213
3023	256
3024	38
3024	213
3024	362
3024	363
3025	7
3025	22
3025	23
3025	35
3025	44
3026	22
3026	23
3026	35
3026	45
3026	198
3027	24
3027	34
3027	38
3027	86
3027	147
3028	28
3028	30
3028	66
3028	151
3028	179
3029	188
3029	246
3030	13
3030	50
3030	84
3030	224
3031	24
3031	36
3031	121
3031	209
3031	222
3032	38
3032	46
3032	86
3032	147
3032	156
3033	31
3033	61
3033	213
3034	40
3034	47
3034	123
3035	9
3035	38
3035	86
3035	147
3035	163
3036	2
3036	33
3036	151
3037	56
3037	86
3037	154
3037	159
3037	167
3038	2
3038	25
3038	128
3039	30
3039	105
3039	151
3039	154
3040	2
3040	209
3040	285
3041	14
3041	25
3041	44
3041	72
3041	111
3042	72
3042	123
3042	246
3043	170
3043	246
3044	132
3044	223
3044	246
3045	29
3045	257
3046	123
3046	229
3047	38
3047	48
3047	274
3047	333
3048	20
3048	47
3048	123
3049	31
3049	364
3050	2
3050	8
3050	14
3050	137
3051	6
3051	57
3051	98
3052	57
3052	142
3053	31
3053	85
3053	237
3054	5
3054	22
3054	38
3054	315
3055	2
3055	303
3055	324
3056	19
3056	30
3056	179
3056	238
3057	38
3057	52
3057	58
3057	225
3058	24
3058	25
3058	86
3058	106
3058	209
3059	30
3059	146
3059	179
3060	30
3060	78
3060	88
3060	146
3060	179
3061	86
3061	209
3062	47
3062	162
3063	47
3063	263
3064	44
3064	72
3064	169
3065	2
3065	26
3065	47
3066	95
3066	211
3067	6
3067	360
3068	207
3068	281
3069	6
3069	24
3069	69
3069	77
3069	129
3070	2
3070	56
3070	174
3070	306
3071	24
3071	31
3071	173
3071	262
3072	22
3072	24
3072	31
3072	121
3072	210
3073	147
3073	170
3074	6
3074	24
3074	46
3074	213
3075	1
3075	30
3075	41
3076	14
3076	22
3076	47
3076	84
3077	31
3077	102
3077	208
3078	24
3078	31
3078	121
3078	210
3079	19
3079	154
3079	277
3080	12
3080	23
3080	35
3081	31
3081	47
3081	307
3082	30
3082	47
3082	123
3083	5
3083	6
3083	45
3083	198
3084	30
3084	33
3084	47
3084	205
3085	2
3085	13
3085	14
3085	30
3086	22
3086	173
3086	192
3087	6
3087	24
3087	31
3087	162
3088	14
3088	19
3088	47
3088	66
3088	246
3089	25
3089	86
3089	146
3090	6
3090	62
3090	98
3090	354
3091	291
3092	1
3092	2
3092	202
3093	47
3093	56
3093	319
3094	2
3094	6
3094	31
3094	55
3094	215
3095	98
3095	100
3095	154
3095	333
3096	277
3096	278
3097	2
3097	8
3097	34
3098	2
3098	282
3099	23
3099	69
3099	163
3100	6
3100	55
3100	56
3100	87
3101	34
3101	192
3102	6
3102	7
3102	53
3102	55
3103	2
3103	26
3103	105
3104	2
3104	120
3104	132
3104	217
3105	2
3105	8
3105	30
3105	40
3105	72
3106	48
3106	129
3107	27
3107	123
3107	281
3108	13
3108	59
3108	307
3109	121
3109	192
3109	234
3110	41
3110	47
3110	298
3111	5
3111	6
3111	55
3111	213
3111	222
3112	72
3112	143
3113	56
3113	66
3113	106
3114	146
3114	147
3114	234
3115	13
3115	14
3115	24
3116	30
3116	33
3116	100
3116	208
3117	72
3117	192
3118	2
3118	8
3118	44
3118	73
3118	77
3119	2
3119	31
3119	44
3119	126
3120	365
3121	6
3121	55
3121	106
3122	19
3122	48
3122	210
3122	366
3122	367
3123	13
3123	15
3123	17
3123	204
3123	278
3124	14
3124	22
3124	28
3124	47
3124	84
3125	25
3125	78
3126	24
3126	55
3126	121
3126	160
3126	224
3127	5
3127	6
3127	85
3127	198
3128	15
3128	47
3128	95
3128	246
3129	31
3129	50
3129	368
3130	31
3130	46
3130	50
3130	368
3131	25
3131	36
3131	65
3131	66
3132	218
3133	31
3133	121
3133	209
3134	6
3134	25
3134	78
3134	87
3134	98
3135	9
3135	35
3135	147
3136	8
3136	47
3136	84
3137	15
3137	24
3137	48
3137	109
3137	170
3138	9
3138	36
3138	121
3139	181
3139	192
3139	210
3140	2
3140	105
3140	120
3140	306
3141	160
3141	210
3142	8
3142	22
3142	28
3142	84
3143	2
3143	26
3143	49
3144	58
3144	234
3145	5
3145	6
3145	192
3145	209
3145	210
3146	13
3146	47
3146	204
3146	246
3147	6
3147	22
3147	50
3147	84
3148	2
3148	37
3148	96
3149	210
3149	235
3149	246
3150	13
3150	22
3150	47
3150	204
3151	8
3151	44
3151	137
3152	136
3152	306
3153	56
3153	100
3153	154
3154	2
3154	40
3154	120
3154	127
3155	7
3155	14
3155	210
3156	24
3156	170
3157	86
3157	142
3157	147
3158	154
3158	158
3158	164
3159	6
3159	107
3159	164
3159	278
